Quant_Varia	contig	start.bin	end.bin	Pst_Values	95 %_LowBoundCI	95 %_UpBoundCI
Contig0_70000_80000	Contig0	70000	80000	0.0377897990024201	0.000939812645009995	0.779277477864475
Contig100484_10000_13621	Contig100484	10000	13621	0.0403927503300012	0.000359979371139532	0.770017111177309
Contig10074_0_6621	Contig10074	0	6621	0.42725423829589	0.00594186266959181	0.821350899563703
Contig100771_0_1852	Contig100771	0	1852	0.0181104738506973	0.000317489618373314	0.76920979769456
Contig102229_0_10000	Contig102229	0	10000	0.166800445932201	0.000652494650056349	0.84249438089019
Contig10259_0_9151	Contig10259	0	9151	0.19768425746136	0.00161461897138961	0.7810041859431
Contig102656_0_10000	Contig102656	0	10000	0.163368604636665	0.000472159282622728	0.768849009995537
Contig103017_0_10000	Contig103017	0	10000	0.130802618062786	0.000906203340797491	0.79173107417618
Contig103223_10000_14834	Contig103223	10000	14834	0.254790545272569	0.00104270125236303	0.795810092326836
Contig103756_0_10000	Contig103756	0	10000	0.685786291155479	0.0998763088874042	0.925993689650417
Contig103892_0_2413	Contig103892	0	2413	0.117884243369744	0.000786569187890811	0.790655554151604
Contig104217_0_5491	Contig104217	0	5491	0.0398355981544593	0.000537574151193387	0.792466976814973
Contig106967_0_9126	Contig106967	0	9126	0.353378566998343	0.00210637339721861	0.880877562712576
Contig107120_0_5734	Contig107120	0	5734	0.573217547701077	0.0220750894249886	0.882224502418467
Contig107133_0_1358	Contig107133	0	1358	0.580455035595255	0.00570015773642541	0.880735625256356
Contig107148_0_3905	Contig107148	0	3905	0.128004344819922	0.000628361812686601	0.799324514774094
Contig10738_0_6205	Contig10738	0	6205	0.413191029109721	0.00210157336252794	0.869662086452431
Contig107541_0_7324	Contig107541	0	7324	0.386462921212189	0.00371997537028801	0.815904141133419
Contig107698_0_8152	Contig107698	0	8152	0.749850557138739	0.236622351504797	0.922217315872728
Contig108265_0_5968	Contig108265	0	5968	0.330288288296892	0.00308755072610165	0.807277731842771
Contig10835_0_2691	Contig10835	0	2691	0.662393929376286	0.302325581395349	0.911016943763014
Contig1089_0_10000	Contig1089	0	10000	0.628070453397368	0.0117181962800443	0.964858236557064
Contig1091_0_10000	Contig1091	0	10000	0.419909043911538	0.00362113708488368	0.903766785908002
Contig109285_0_10000	Contig109285	0	10000	0.35749963736522	0.00438135617567767	0.864620354555483
Contig109827_0_6591	Contig109827	0	6591	0.191596940224965	0.00127099601342705	0.851100772907362
Contig11109_0_3497	Contig11109	0	3497	0.104765212078657	0.000836710228876747	0.789735517336989
Contig1111_0_10000	Contig1111	0	10000	0.442606540959281	0.00209968017783828	0.883334102613693
Contig111439_0_8482	Contig111439	0	8482	0.0417704548076211	0.000453015120199749	0.797439868860403
Contig112555_0_2036	Contig112555	0	2036	0.552514751898257	0.0036302843715277	0.900987916917598
Contig112833_0_6669	Contig112833	0	6669	0.757962521826605	0.166995109485009	0.939288696413428
Contig113120_0_3309	Contig113120	0	3309	0.59141415065	0.0299448351634578	0.917722508344565
Contig114539_0_2304	Contig114539	0	2304	0.00281591407471235	0.000198905657238531	0.793450881612091
Contig115383_0_3618	Contig115383	0	3618	0.599082882655978	0.0309478413965582	0.880297893076243
Contig119258_0_6791	Contig119258	0	6791	0.124616165797635	0.000759280605172225	0.804764597627482
Contig119450_10000_14843	Contig119450	10000	14843	0.609061827764945	0.00323049645285473	0.955190177757642
Contig119588_0_4149	Contig119588	0	4149	0.621150554906826	0.0172610568063982	0.926107136211329
Contig120221_0_7268	Contig120221	0	7268	0.0133283897315591	0.000413899594610098	0.7671235284959
Contig120378_0_10000	Contig120378	0	10000	0.0903871140509085	0.00126063214759476	0.76900173722987
Contig1211_0_7027	Contig1211	0	7027	0.000538171422312354	0.000682152180205457	0.809022851819664
Contig121494_10000_20000	Contig121494	10000	20000	0.423093522371164	0.0043666816423488	0.873871421783612
Contig123396_0_7982	Contig123396	0	7982	0.167715928939708	0.000662553779767767	0.852134436704099
Contig124226_0_10000	Contig124226	0	10000	0.00828734023676596	0.000631508529709497	0.789833152500722
Contig1263_0_10000	Contig1263	0	10000	0.274797953911813	0.000809328512162976	0.925869960865435
Contig126977_0_4061	Contig126977	0	4061	0.043688315171418	0.000305292779160373	0.784274550519079
Contig127001_0_4911	Contig127001	0	4911	0.299239795266625	0.00292630908198187	0.78702138081841
Contig128060_0_1680	Contig128060	0	1680	0.00647025818148755	0.000615958573800409	0.767922584646478
Contig1282_10000_20000	Contig1282	10000	20000	0.109735212415618	0.000393891305053671	0.779179298506641
Contig1284_10000_20000	Contig1284	10000	20000	0.0888743065916093	0.000314427912617641	0.740791541845954
Contig129028_0_5515	Contig129028	0	5515	0.0086267321011424	0.000482522819150085	0.73936231448673
Contig129509_0_2778	Contig129509	0	2778	0.500626551801551	0.00637330584918072	0.837952705834573
Contig132115_0_1816	Contig132115	0	1816	0.525745494018361	0.00553210147426673	0.901225823001538
Contig132507_0_7546	Contig132507	0	7546	0.0465617616317227	0.000491329084171268	0.807176279503372
Contig132845_0_1767	Contig132845	0	1767	0.059492274948295	0.00119831508772075	0.765259061847028
Contig134176_0_7605	Contig134176	0	7605	0.177873768636676	0.000612529622729476	0.788778953783387
Contig135695_0_3380	Contig135695	0	3380	0.717763834174717	0.279570472813809	0.891346886724883
Contig135817_0_6458	Contig135817	0	6458	0.137033508384157	0.000634353338649525	0.79380309838798
Contig137374_0_3087	Contig137374	0	3087	0.369622089650533	0.00208492871802708	0.872450518619892
Contig137426_0_9939	Contig137426	0	9939	0.00687140042284956	0.000412736085315476	0.759717695810761
Contig138111_0_10000	Contig138111	0	10000	0.442999897921847	0.00375880825749539	0.887539574542965
Contig138622_0_5679	Contig138622	0	5679	0.477800089037641	0.00328455789012901	0.842939638316761
Contig13988_0_4885	Contig13988	0	4885	0.000459696423834837	0.000538179450477556	0.848026750784052
Contig140004_0_3278	Contig140004	0	3278	0.962028303737659	0.84070058381985	1
Contig141789_0_5154	Contig141789	0	5154	0.786406470837839	0.51721518957717	0.958705269382281
Contig142_40000_48795	Contig142	40000	48795	0.0440972164361177	0.000424076128075673	0.764951339809159
Contig1433_0_10000	Contig1433	0	10000	0.616806718322631	0.0257399658778942	0.900012371715908
Contig1438_10000_20000	Contig1438	10000	20000	0.190599379428486	0.00112540344870073	0.87581202095538
Contig144108_0_4108	Contig144108	0	4108	0.270199626624676	0.00116716448029509	0.83575489576753
Contig145351_0_6147	Contig145351	0	6147	0.58272157003043	0.0214958569939483	0.881799865820825
Contig146058_0_7714	Contig146058	0	7714	0.478565720323813	0.00250457648370061	0.913326246975628
Contig146123_0_3779	Contig146123	0	3779	0.660989489192241	0.0254708735380007	0.909696224627195
Contig1464_0_10000	Contig1464	0	10000	0.540502961544639	0.00655127031353945	0.93564456796619
Contig149134_0_7365	Contig149134	0	7365	0.500478554185771	0.0052342836132743	0.920740835163113
Contig150_30000_40000	Contig150	30000	40000	0.543368244741669	0.00279042380604458	0.913650017362709
Contig150092_0_7711	Contig150092	0	7711	0.141688779403833	0.000712008950646998	0.789594210255592
Contig150483_0_9387	Contig150483	0	9387	0.0724574687877492	0.000356600321088962	0.78181569531367
Contig1519_0_10000	Contig1519	0	10000	0.420923263760502	0.003148159333358	0.88684031421172
Contig15206_10000_19636	Contig15206	10000	19636	0.245448278066545	0.000685684701736523	0.865196519222833
Contig15292_0_10000	Contig15292	0	10000	0.233039612720951	0.000579969104179728	0.771031361913182
Contig15372_10000_20000	Contig15372	10000	20000	0.612837722556293	0.0231806312770717	0.90899906908736
Contig15404_0_6624	Contig15404	0	6624	0.471834425343765	0.00461444496382745	0.931389867339921
Contig154574_0_3483	Contig154574	0	3483	0.0990776340167177	0.00032943856570965	0.826939481414761
Contig154759_0_9666	Contig154759	0	9666	0.315211548060497	0.00102400553691017	0.896147358407708
Contig15595_30000_40000	Contig15595	30000	40000	0.128599342451994	0.000612518429011916	0.790176693994952
Contig155975_0_2628	Contig155975	0	2628	0.201560802505274	0.000651958950900784	0.861337975348532
Contig1579_0_10000	Contig1579	0	10000	0.548647662839849	0.00351164280070499	0.910172357194488
Contig15835_0_10000	Contig15835	0	10000	0.119571409759548	0.000599664346359169	0.795506443864136
Contig15885_0_10000	Contig15885	0	10000	0.337070735255011	0.00173665685081388	0.812930834402669
Contig15885_30000_40000	Contig15885	30000	40000	0.293535081115555	0.00193342362446506	0.785741866819417
Contig15905_0_10000	Contig15905	0	10000	0.346957331071773	0.00165714064766802	0.896042883876426
Contig15920_30000_40000	Contig15920	30000	40000	0.813367889232879	0.202222068902366	0.966593866313944
Contig15922_30000_40000	Contig15922	30000	40000	0.455719892063683	0.00192714140244838	0.832995296589457
Contig15977_30000_36911	Contig15977	30000	36911	0.566843907275384	0.00577573891481219	0.921991030652245
Contig1607_0_10000	Contig1607	0	10000	0.0187895656974008	0.000484451427264778	0.781687720982712
Contig1608_0_10000	Contig1608	0	10000	0.258117166379522	0.00108008284870793	0.80313504103051
Contig1616_0_10000	Contig1616	0	10000	0.13913721976147	0.000783584455982598	0.828397496269716
Contig16203_0_10000	Contig16203	0	10000	0.271791856015314	0.001396275734366	0.819366785310512
Contig16263_10000_20000	Contig16263	10000	20000	0.174051702038405	0.00099362134521512	0.812532328823194
Contig16446_10000_20000	Contig16446	10000	20000	0.586493475294077	0.0056100451089016	0.913436133083935
Contig167447_0_3302	Contig167447	0	3302	0.692590158811005	0.0335826398210733	0.90827367014622
Contig167545_0_4437	Contig167545	0	4437	0.276753623542173	0.00204116415269242	0.811031690330835
Contig168159_0_6295	Contig168159	0	6295	0.0159743520519815	0.000247731912588235	0.856391234510305
Contig168959_0_1015	Contig168959	0	1015	0.746343447545477	0.198871545438797	0.941160749683473
Contig16916_20000_30000	Contig16916	20000	30000	0.0260350265798398	0.000686701141445529	0.747703952162171
Contig16934_10000_20000	Contig16934	10000	20000	0.689812785513119	0.0403759647515001	0.925158550152646
Contig16958_10000_20000	Contig16958	10000	20000	0.748329374018655	0.366533786596495	0.935266900956886
Contig17022_0_5225	Contig17022	0	5225	0.346539907990466	0.00133032241782322	0.865807296320948
Contig17057_0_10000	Contig17057	0	10000	0.0132784125939163	0.000972737946570378	0.75624725913961
Contig17057_40000_44033	Contig17057	40000	44033	0.0173342458555477	0.000428232338474897	0.822060552934928
Contig17195_0_10000	Contig17195	0	10000	0.00218150614603349	0.000915544302425336	0.84036259556935
Contig17225_0_10000	Contig17225	0	10000	0.761756110118899	0.198460552049898	0.935689273408779
Contig17244_0_10000	Contig17244	0	10000	0.36032898206029	0.00219815584358729	0.817207029102377
Contig17267_10000_20000	Contig17267	10000	20000	0.220464003599359	0.00071038543737338	0.879514389016124
Contig17286_20000_30000	Contig17286	20000	30000	0.364378819629696	0.00178501580683532	0.857017054644971
Contig17345_20000_30000	Contig17345	20000	30000	0.679129422785651	0.177863672958797	0.888336380567725
Contig17345_30000_40000	Contig17345	30000	40000	0.0651715276535558	0.000875034615241037	0.791981311002627
Contig17345_50000_60000	Contig17345	50000	60000	0.0699564521028705	0.000457566384108015	0.7441023651631
Contig173481_0_1885	Contig173481	0	1885	0.00697078206576993	0.000374997985928173	0.752792753096687
Contig1736_20000_24637	Contig1736	20000	24637	0.393556348395689	0.00136459459538531	0.905596999967878
Contig17378_0_10000	Contig17378	0	10000	0.165042094514507	0.000578973932571487	0.751353169637223
Contig17378_20000_27377	Contig17378	20000	27377	0.677588498745337	0.1199521984319	0.897960006451963
Contig17471_10000_20000	Contig17471	10000	20000	0.625775822246103	0.0185319752538677	0.905210806568678
Contig17554_0_10000	Contig17554	0	10000	0.189595628726899	0.00141389600772013	0.826387311770314
Contig175939_0_1096	Contig175939	0	1096	0.143044737750996	0.0011200859277092	0.826456558340182
Contig17633_50000_60000	Contig17633	50000	60000	0.152610588955439	0.000783948899563883	0.848953770961646
Contig17801_0_5238	Contig17801	0	5238	0.196727867486825	0.000759166787148259	0.832945351976282
Contig17831_10000_17136	Contig17831	10000	17136	0.126555891751474	0.000697433016660487	0.87035078096617
Contig17925_0_10000	Contig17925	0	10000	0.123350824972902	0.000581795895994429	0.831299302739656
Contig17965_20000_28071	Contig17965	20000	28071	0.41027723297787	0.00331477182863996	0.891614850338001
Contig18086_0_10000	Contig18086	0	10000	0.0682467209970718	0.000453132867037792	0.822696801125878
Contig18103_0_10000	Contig18103	0	10000	0.0852895671713007	0.000796540051989092	0.881727268195034
Contig18132_0_10000	Contig18132	0	10000	0.00261595162166167	0.000646388939235616	0.752261672997816
Contig18146_20000_30000	Contig18146	20000	30000	0.110988019148398	0.0011657251507961	0.812915746797896
Contig1817_0_10000	Contig1817	0	10000	0.00609951590999454	0.000475151146408358	0.76160435967675
Contig1828_0_10000	Contig1828	0	10000	0.0653296044983531	0.000481781468333043	0.803560618803232
Contig18485_40000_50000	Contig18485	40000	50000	0.341174335069673	0.00215674677733976	0.875951787450392
Contig18485_50000_59534	Contig18485	50000	59534	0.01034073827886	0.000593399975996685	0.769176755327361
Contig18493_20000_30000	Contig18493	20000	30000	0.43537377504264	0.00261703807839016	0.844941200286888
Contig18609_10000_20000	Contig18609	10000	20000	0.110659111364858	0.000993284592799584	0.751892165522087
Contig18718_0_10000	Contig18718	0	10000	0.381886982855325	0.00233960404953578	0.853858159677332
Contig18830_0_10000	Contig18830	0	10000	0.0937891986585811	0.000790273320299	0.839287046621521
Contig188364_0_2870	Contig188364	0	2870	0.647439692029563	0.0199578915873832	0.897196584343591
Contig1888_0_10000	Contig1888	0	10000	0.287765894160117	0.00322556157280332	0.803238655615441
Contig18968_50000_53080	Contig18968	50000	53080	0.551911898992849	0.00809040601228674	0.903359027071821
Contig18997_50000_60000	Contig18997	50000	60000	0.426111943060235	0.0086716409561054	0.841585232728687
Contig19011_0_10000	Contig19011	0	10000	0.00668270513818067	0.000945283461926035	0.779853683523271
Contig19129_0_10000	Contig19129	0	10000	0.56498155088512	0.00542745757558984	0.913277750548934
Contig1918_0_10000	Contig1918	0	10000	0.559822051678436	0.00847078236405591	0.923533339171468
Contig19208_20000_30000	Contig19208	20000	30000	0.00113171702609327	0.000497294359804553	0.780901817597357
Contig1921_0_10000	Contig1921	0	10000	0.0188224460156959	0.000747559095174423	0.808891491497991
Contig19211_0_8631	Contig19211	0	8631	0.00178065745783603	0.000366809297392761	0.838063664416989
Contig19248_0_10000	Contig19248	0	10000	0.114915110356701	0.00113593777503971	0.779546907165728
Contig192720_0_1283	Contig192720	0	1283	0.00911268077308425	0.000363772507706958	0.751342774537232
Contig1932_0_10000	Contig1932	0	10000	0.891645318656102	0.747999106936875	0.962559904911293
Contig1932_10000_20000	Contig1932	10000	20000	0.780960231083354	0.366930950852635	0.921657801785535
Contig194_40000_50000	Contig194	40000	50000	0.117915356138869	0.000814202637738993	0.814782076801336
Contig194642_10000_15476	Contig194642	10000	15476	0.403898984711102	0.00197443939470438	0.848054909509539
Contig19496_0_10000	Contig19496	0	10000	0.515634969082139	0.00324884107683906	0.918461305087306
Contig1956_10000_20000	Contig1956	10000	20000	0.307923842225129	0.00120187795596037	0.817254776368619
Contig196009_0_10000	Contig196009	0	10000	0.319773244878448	0.00163358689783236	0.812230825964009
Contig19662_0_9127	Contig19662	0	9127	0.226195092293506	0.000813551214987058	0.820105242200419
Contig1971_0_10000	Contig1971	0	10000	0.00143860601254002	0.000365420112859631	0.752201101217262
Contig19719_0_4745	Contig19719	0	4745	0.17269110467408	0.000807768460083097	0.742503951260254
Contig19785_0_10000	Contig19785	0	10000	0.407966092372852	0.00255593639471338	0.868869551288158
Contig19869_0_10000	Contig19869	0	10000	0.0217090002908308	0.00057503118980184	0.779171320947143
Contig19997_0_8585	Contig19997	0	8585	0.382296650760172	0.00163774747695205	0.846788512610895
Contig20004_0_10000	Contig20004	0	10000	0.0900774975431621	0.000851326257991109	0.770898000889024
Contig20037_50000_60000	Contig20037	50000	60000	0.133397321754939	0.000856663919585018	0.76923250141772
Contig20052_0_5523	Contig20052	0	5523	0.0765903355593825	0.000668897424612752	0.779506728230109
Contig200997_0_6595	Contig200997	0	6595	0.105267830124138	0.000494378074601715	0.771066927311262
Contig202555_0_9557	Contig202555	0	9557	0.168888006776276	0.00061878185981218	0.853355787046787
Contig2029_10000_20000	Contig2029	10000	20000	0.147245389410944	0.000653086857448009	0.926778223105806
Contig20297_10000_20000	Contig20297	10000	20000	0.00382290193054659	0.000304844645872142	0.768296989533949
Contig20388_30000_34074	Contig20388	30000	34074	0.155006901667115	0.00069761402406716	0.841096361683339
Contig20413_0_10000	Contig20413	0	10000	0.160170958938887	0.000812216920206292	0.807471987566515
Contig20472_20000_30000	Contig20472	20000	30000	0.12915246950129	0.00105455190021744	0.816980917509817
Contig20509_20000_30000	Contig20509	20000	30000	0.126850196052369	0.000635696346352995	0.782888731720333
Contig205490_0_2658	Contig205490	0	2658	0.609064980713329	0.0135322600165209	0.916417940824703
Contig20556_0_1339	Contig20556	0	1339	0.411933174360803	0.000964594348022832	0.879268423761553
Contig20595_10000_20000	Contig20595	10000	20000	0.00597169582194789	0.000415486993773285	0.8373344024532
Contig20605_10000_20000	Contig20605	10000	20000	0.701367930762001	0.111708505782694	0.919841987906834
Contig20656_0_10000	Contig20656	0	10000	0.145737169836659	0.00122171178797295	0.787906563911432
Contig206988_0_7475	Contig206988	0	7475	0.0882936590400219	0.000490456041428919	0.775442990308557
Contig20866_10000_17967	Contig20866	10000	17967	0.172057819374693	0.000767937121313588	0.763455163651706
Contig20924_30000_40000	Contig20924	30000	40000	0.0568119981364467	0.000704344208967812	0.765399956359927
Contig209775_0_6124	Contig209775	0	6124	0.0135040154014079	0.00109987953700309	0.768792004957181
Contig20993_10000_13425	Contig20993	10000	13425	0.0459090754680295	0.000737512909752885	0.785961243258936
Contig212848_0_8840	Contig212848	0	8840	0.181867833601557	0.00139952306242446	0.8474295362438
Contig212964_0_5455	Contig212964	0	5455	0.425791083561162	0.00205192960303053	0.880577394943742
Contig21389_0_10000	Contig21389	0	10000	0.0425261040692561	0.000512373955078471	0.843723274361454
Contig21579_0_10000	Contig21579	0	10000	0.347116410908942	0.00111202011346143	0.909410591153292
Contig215949_0_1176	Contig215949	0	1176	0.213989839758915	0.00123963526840799	0.877711139994787
Contig21645_0_10000	Contig21645	0	10000	0.118011393792362	0.000486306373275417	0.77380534487341
Contig21658_30000_40000	Contig21658	30000	40000	0.160706042067536	0.000838435566779072	0.840863071465018
Contig21683_10000_20000	Contig21683	10000	20000	0.814184195462577	0.57342460168718	0.946931306072695
Contig217_10000_20000	Contig217	10000	20000	0.126966840137696	0.00140245902398135	0.775149846497272
Contig217_20000_30000	Contig217	20000	30000	0.0111493321778312	0.00033921888591229	0.8358289515816
Contig217099_0_4244	Contig217099	0	4244	0.511314847257082	0.00592951816026482	0.883030941337281
Contig21725_70000_75257	Contig21725	70000	75257	0.410242256086849	0.000853047323365715	0.891556563217712
Contig217684_0_1513	Contig217684	0	1513	0.24392383896047	0.000796088913505551	0.859983664942504
Contig21801_10000_20000	Contig21801	10000	20000	0.0661215798873485	0.000495074503931268	0.767587221097989
Contig21828_0_10000	Contig21828	0	10000	0.875364862331574	0.676130936151059	0.967054571612441
Contig21828_40000_50000	Contig21828	40000	50000	0.553213578174183	0.00566214439752798	0.951436573855564
Contig218704_0_1520	Contig218704	0	1520	0.66934601518811	0.0398732067738472	0.931286931740112
Contig219004_0_10000	Contig219004	0	10000	0.106887722330312	0.000941397868269238	0.857313856878351
Contig22083_0_9410	Contig22083	0	9410	0.103182504048632	0.000663681729426543	0.766385422303799
Contig22211_0_10000	Contig22211	0	10000	0.555354340670968	0.0179310622234704	0.8975868085217
Contig22383_10000_20000	Contig22383	10000	20000	0.0161790588350869	0.000537983363766576	0.777798137165752
Contig22402_20000_30000	Contig22402	20000	30000	0.0172120203282924	0.00113818394660649	0.767580242739278
Contig22514_50000_60000	Contig22514	50000	60000	0.0692932154422182	0.000807653469646593	0.810020097774491
Contig2254_0_10000	Contig2254	0	10000	0.0656877502187195	0.000926867575242673	0.801049109889798
Contig22638_0_10000	Contig22638	0	10000	0.572515171553173	0.00597489246597157	0.882580976385715
Contig22654_0_10000	Contig22654	0	10000	0.0356009081850574	0.000409815068026913	0.781292436801273
Contig23006_0_10000	Contig23006	0	10000	0.432797135090596	0.00183859409972052	0.866426724610825
Contig23078_30000_37383	Contig23078	30000	37383	0.293346663546966	0.00139123876329547	0.785833809129392
Contig23157_0_7936	Contig23157	0	7936	0.070107346717636	0.000636800460806257	0.745637866801442
Contig232_10000_20000	Contig232	10000	20000	0.713095709953217	0.181233220568923	0.909068940225038
Contig23281_0_10000	Contig23281	0	10000	0.000366021652082327	0.00054602914376159	0.75931519203351
Contig23392_0_10000	Contig23392	0	10000	0.332225705104328	0.00109410465850137	0.847700865667635
Contig23499_10000_20000	Contig23499	10000	20000	0.588029274407742	0.0110348061666488	0.894122849932692
Contig23519_0_10000	Contig23519	0	10000	1.93681366899785e-06	0.000809372195311431	0.765189148991672
Contig23584_10000_20000	Contig23584	10000	20000	0.305982129091258	0.000811226532447496	0.91163864938217
Contig23628_0_9074	Contig23628	0	9074	0.21851240390001	0.00135704145736688	0.918834183218977
Contig23673_0_7859	Contig23673	0	7859	0.141268802022387	0.000907870173604472	0.810681497537005
Contig23688_20000_30000	Contig23688	20000	30000	4.11297922668286e-05	0.000330064664189317	0.76536605731325
Contig2374_0_10000	Contig2374	0	10000	0.0134897761511241	0.000440708343536221	0.719293058542248
Contig23813_20000_30000	Contig23813	20000	30000	0.292493126630324	0.00233622902897053	0.823585643521335
Contig2393_0_10000	Contig2393	0	10000	0.154467597691855	0.000675092018980914	0.845059735513174
Contig24017_10000_20000	Contig24017	10000	20000	0.111318948789861	0.00079466963073915	0.767894590912188
Contig24093_10000_20000	Contig24093	10000	20000	0.149348996215302	0.000468866267501565	0.863311892163478
Contig24095_20000_30000	Contig24095	20000	30000	0.00321801739269399	0.000983626107853532	0.805009505658316
Contig24130_0_10000	Contig24130	0	10000	0.124011286950102	0.000631220327066049	0.807729648339982
Contig24175_0_10000	Contig24175	0	10000	0.687678792226338	0.0636725075485324	0.916917777986911
Contig24215_0_10000	Contig24215	0	10000	0.00948693799249413	0.000428203638485277	0.811910847356588
Contig24241_30000_34516	Contig24241	30000	34516	0.694443339988761	0.0334014996591685	0.974634512057978
Contig24326_0_10000	Contig24326	0	10000	0.253456119054851	0.00116167271365581	0.815037159885918
Contig24326_20000_30000	Contig24326	20000	30000	0.242997666712661	0.000691452179733777	0.859841968455865
Contig24349_0_10000	Contig24349	0	10000	0.000974173184619218	0.000637050777958455	0.733795502256182
Contig24520_0_10000	Contig24520	0	10000	0.201978209620624	0.000348296985414005	0.825182403888269
Contig24520_20000_30000	Contig24520	20000	30000	0.377420732504658	0.00109630546773451	0.850408848544051
Contig2453_0_10000	Contig2453	0	10000	0.224013534014536	0.000344196914065555	0.816254680779834
Contig24629_0_10000	Contig24629	0	10000	0.391635327514695	0.00219185536783	0.835597724529154
Contig24654_0_10000	Contig24654	0	10000	0.214930755805814	0.000799891187710904	0.884147631313923
Contig24673_0_9515	Contig24673	0	9515	0.00282848003957191	0.000528654479719589	0.793722959820029
Contig2468_0_10000	Contig2468	0	10000	0.923226664308481	0.838531507294185	0.978741588628851
Contig24692_0_9995	Contig24692	0	9995	0.34431262951723	0.00158307613914607	0.87478840270189
Contig24693_10000_20000	Contig24693	10000	20000	0.719553971308401	0.0530715812085614	0.962829545880862
Contig247_10000_20000	Contig247	10000	20000	0.357633455509626	0.00222345267105826	0.833185910201203
Contig24722_0_10000	Contig24722	0	10000	0.247998973306003	0.00128154867109829	0.85486152707756
Contig24745_30000_40000	Contig24745	30000	40000	0.18769915101175	0.000520321663324178	0.820471150907997
Contig24781_40000_50000	Contig24781	40000	50000	0.0389148321102957	0.00120461194286698	0.789473684210526
Contig2485_0_10000	Contig2485	0	10000	0.65068389085956	0.0133758602359094	0.924239437959596
Contig249_0_10000	Contig249	0	10000	0.0431644723672485	0.000699930497951771	0.823677849970484
Contig25015_10000_20000	Contig25015	10000	20000	0.0051605816811704	0.000717219746305079	0.831046330771035
Contig25062_10000_20000	Contig25062	10000	20000	0.000496280776024764	0.000835110761940403	0.786480322474819
Contig25118_20000_25682	Contig25118	20000	25682	0.0754577685936752	0.000491754229095697	0.76949357704589
Contig25204_10000_20000	Contig25204	10000	20000	0.738672031286992	0.169620615944613	0.912398286077986
Contig25228_20000_27996	Contig25228	20000	27996	0.653396749195436	0.0299277721645562	0.932768684932573
Contig25254_0_6217	Contig25254	0	6217	0.172649214674774	0.000830334703496774	0.816486338563239
Contig25354_0_10000	Contig25354	0	10000	0.313018148874398	0.00141153807119384	0.841271548706645
Contig25426_20000_30000	Contig25426	20000	30000	0.132846189005312	0.000412955204250825	0.792630041762031
Contig25472_20000_27591	Contig25472	20000	27591	0.0425272033235448	0.000582426991857122	0.775899909734213
Contig25477_10000_20000	Contig25477	10000	20000	0.0935146149690679	0.000705079313071479	0.832461461569165
Contig25896_0_10000	Contig25896	0	10000	0.703604726277421	0.0710718851602413	0.925102462184054
Contig25997_10000_20000	Contig25997	10000	20000	0.757174944155013	0.172121870481721	0.919285720417063
Contig26005_0_10000	Contig26005	0	10000	0.396200206863312	0.000977193804736887	0.847545263981638
Contig26070_50000_60000	Contig26070	50000	60000	0.0256017048696824	0.000562484900069829	0.769309495024209
Contig26107_0_10000	Contig26107	0	10000	0.463112449434529	0.00307138396544501	0.874087380534271
Contig26458_0_10000	Contig26458	0	10000	0.817061149869167	0.378104691081337	0.967178956441799
Contig26603_10000_20000	Contig26603	10000	20000	0.636848195694325	0.0379821879894846	0.893502388085412
Contig26689_0_10000	Contig26689	0	10000	0.51448159693932	0.00911841628975379	0.953205555543725
Contig26766_0_10000	Contig26766	0	10000	0.200254532870848	0.00111288560591304	0.787573438334465
Contig2679_0_10000	Contig2679	0	10000	1	1	1
Contig26798_0_10000	Contig26798	0	10000	0.63369580758003	0.0307878235320694	0.881267634314369
Contig26821_0_10000	Contig26821	0	10000	0.498823202123885	0.00394389939949905	0.864941269547193
Contig26826_40000_50000	Contig26826	40000	50000	0.0549913630481219	0.000933420646518606	0.813517446299835
Contig26837_0_10000	Contig26837	0	10000	0.360836586724577	0.00125174058951798	0.829484147477459
Contig26863_20000_30000	Contig26863	20000	30000	0.265364632775921	0.00120070470485235	0.923465466124959
Contig26949_0_10000	Contig26949	0	10000	0.124845497151044	0.000747941134447514	0.77452668469647
Contig27088_20000_30000	Contig27088	20000	30000	0.0597663187700696	0.000719713284810959	0.750974644630791
Contig27145_0_10000	Contig27145	0	10000	0.0150334741497476	0.000577401641720687	0.756370740027517
Contig27264_0_6027	Contig27264	0	6027	0.839692482754232	0.430427722867848	0.962582759483986
Contig27401_10000_15488	Contig27401	10000	15488	0.574309066142046	0.00879591346634434	0.912472665338895
Contig27413_0_2951	Contig27413	0	2951	0.727478675582066	0.240421182856688	0.905674405371655
Contig27496_10000_20000	Contig27496	10000	20000	0.0262995237327069	0.000692426458203825	0.821229161043197
Contig27552_20000_30000	Contig27552	20000	30000	0.571846154935268	0.00783372091637012	0.917031284164395
Contig27602_0_10000	Contig27602	0	10000	0.0797189692925225	0.000838400657597147	0.792564287020488
Contig27758_0_10000	Contig27758	0	10000	0.604286472837474	0.0143098189369849	0.934377915635313
Contig27784_0_10000	Contig27784	0	10000	0.0615874322633774	0.000368344997591602	0.792612345626298
Contig27836_0_10000	Contig27836	0	10000	0.468123995134031	0.00556802443822098	0.828370986282954
Contig27879_10000_20000	Contig27879	10000	20000	0.0994872515535108	0.000524283939648975	0.778839827245747
Contig27880_0_6027	Contig27880	0	6027	0.0170538158592885	0.000565527957342931	0.782171953844823
Contig28023_0_5983	Contig28023	0	5983	0.0230060144531002	0.000609671516268847	0.76989173668063
Contig281_0_10000	Contig281	0	10000	0.636706557767578	0.0376074738063951	0.908266452697544
Contig2817_0_10000	Contig2817	0	10000	0.12925896456879	0.000531618626307736	0.783409598170936
Contig2818_0_10000	Contig2818	0	10000	0.000857144170701764	0.000659897955796128	0.748553998610022
Contig282_30000_40000	Contig282	30000	40000	0.189788850291261	0.000955419399592494	0.806555323434415
Contig28304_0_1099	Contig28304	0	1099	0.372187365353313	0.00159903125343075	0.859852799876039
Contig28318_50000_60000	Contig28318	50000	60000	0.378995997666929	0.000977888938117345	0.809127921305833
Contig28355_20000_26482	Contig28355	20000	26482	0.159110507578184	0.000503727669734713	0.811252852951276
Contig28358_30000_40000	Contig28358	30000	40000	0.00717174958081728	0.000379340117014266	0.802978754012266
Contig2848_20000_26283	Contig2848	20000	26283	0.365167130214672	0.000988087187918518	0.849197701874842
Contig28523_20000_30000	Contig28523	20000	30000	0.811009919444056	0.453388427605398	0.941051863157983
Contig28540_20000_28933	Contig28540	20000	28933	0.337277755657855	0.00202184268972296	0.82348160774077
Contig28574_0_5147	Contig28574	0	5147	0.312651898855478	0.00109330970879443	0.847148761959538
Contig28642_0_10000	Contig28642	0	10000	0.628720959867799	0.0264607587556042	0.911370366674109
Contig28867_0_10000	Contig28867	0	10000	0.429630959590935	0.00215803691658295	0.864544361265299
Contig28902_0_10000	Contig28902	0	10000	0.326467519788462	0.00124991482687909	0.850999315504586
Contig2898_0_10000	Contig2898	0	10000	0.426327251528947	0.00337272759315728	0.856331962508554
Contig2900_0_10000	Contig2900	0	10000	0.0152488337909989	0.00148952867485121	0.777553177007226
Contig29051_0_7685	Contig29051	0	7685	0.0345432742703271	0.000704721634954143	0.773196643186836
Contig29104_0_2785	Contig29104	0	2785	0.237019850844522	0.00112951810406109	0.764908950224886
Contig29106_0_6590	Contig29106	0	6590	0.408877143707926	0.00170690075591317	0.935904275718657
Contig29138_0_10000	Contig29138	0	10000	0.168246927573691	0.000878039992790737	0.761255566692465
Contig29300_10000_20000	Contig29300	10000	20000	0.184459795798742	0.00269360123375653	0.796109591709518
Contig29571_0_10000	Contig29571	0	10000	0.190714988600332	0.00116022381490869	0.77971436336697
Contig29641_0_6595	Contig29641	0	6595	0.056332366974754	0.00053863993433475	0.762403495095531
Contig29651_0_10000	Contig29651	0	10000	0.297159274216434	0.00115082635826086	0.805184691075371
Contig29713_10000_12220	Contig29713	10000	12220	0.407178510742268	0.00287575069676638	0.827178721074738
Contig2973_0_10000	Contig2973	0	10000	0.689672470241481	0.333333333333333	0.966832835749282
Contig29738_10000_20000	Contig29738	10000	20000	0.179269520287002	0.000561009817671794	0.798789007918025
Contig29931_20000_30000	Contig29931	20000	30000	0.0475444230655494	0.000542892190213948	0.798794877884094
Contig3_10000_20000	Contig3	10000	20000	0.694937243663707	0.112347742214069	0.917066712263874
Contig30007_20000_30000	Contig30007	20000	30000	0.012607499004045	0.000944992119479916	0.751576022343947
Contig30012_20000_30000	Contig30012	20000	30000	0.728377242783371	0.0921630874477645	0.943591464047182
Contig30091_0_10000	Contig30091	0	10000	0.0141029804137711	0.000549125968198466	0.769899871495346
Contig30163_0_10000	Contig30163	0	10000	0.242449491552065	0.00228008168324534	0.864356493729551
Contig30210_0_4807	Contig30210	0	4807	0.231637430447825	0.00275433651725948	0.825095039834415
Contig30261_0_2393	Contig30261	0	2393	0.0103649807847855	0.000544735148309985	0.767966724830305
Contig30291_0_8786	Contig30291	0	8786	0.395220939318807	0.00393797968453113	0.85694898550222
Contig30370_0_5533	Contig30370	0	5533	0.00152220571992505	0.000437122760849688	0.779926335174954
Contig30563_0_10000	Contig30563	0	10000	0.267329512912097	0.001845858183394	0.764017076900143
Contig30769_0_4657	Contig30769	0	4657	0.173472518238959	0.000687728614771543	0.83447045763733
Contig308_10000_20000	Contig308	10000	20000	0.514669820687478	0.00551010607487703	0.897252716001869
Contig308978_0_1151	Contig308978	0	1151	0.763297264946285	0.132956479365446	0.947559405742444
Contig3092_0_10000	Contig3092	0	10000	0.0820979547998104	0.000454409400167697	0.781540074574744
Contig30980_0_10000	Contig30980	0	10000	0.189747991739819	0.00128146558177978	0.811892242249624
Contig30980_10000_20000	Contig30980	10000	20000	0.142631793108052	0.00107251703823739	0.819222308934953
Contig30983_10000_20000	Contig30983	10000	20000	0.173942117403293	0.000895550575965834	0.818392872025922
Contig3105_10000_20000	Contig3105	10000	20000	0.117598518177971	0.000875978790697708	0.725042878724946
Contig31093_0_9713	Contig31093	0	9713	0.0253831191660342	0.000812001690586219	0.769849629307257
Contig31124_0_8878	Contig31124	0	8878	0.200156281175251	0.000581334735519184	0.856253575968033
Contig31158_0_6774	Contig31158	0	6774	0.186869479832983	0.00137054351662804	0.804336011583469
Contig31196_10000_20000	Contig31196	10000	20000	0.107222607991333	0.000375142748288915	0.810913481526053
Contig31394_20000_30000	Contig31394	20000	30000	0.239722294849852	0.000793077175896835	0.829828583847778
Contig31495_20000_30000	Contig31495	20000	30000	0.181465696496439	0.000474776658032012	0.84041927766181
Contig31515_20000_25724	Contig31515	20000	25724	0.618588564738451	0.0143841849412346	0.892809838583609
Contig317_30000_34625	Contig317	30000	34625	0.0356827469369213	0.000983646472111557	0.771203726189978
Contig31821_10000_18346	Contig31821	10000	18346	0.652637863003879	0.0232191833475825	0.910694751917683
Contig31971_30000_40000	Contig31971	30000	40000	0.519282122792801	0.00840036877117542	0.845487075179165
Contig32048_0_8004	Contig32048	0	8004	0.160308074624708	0.00256877213188749	0.769415354958076
Contig3206_10000_19408	Contig3206	10000	19408	0.472455498063518	0.00240742607390958	0.930191760760666
Contig32198_0_10000	Contig32198	0	10000	0.00591608306871171	0.000754684857805195	0.830891471922415
Contig32237_0_1484	Contig32237	0	1484	0.1805573795095	0.000562623347459109	0.779986568153913
Contig322676_0_2453	Contig322676	0	2453	0.589082409315923	0.0133003988639624	0.882510555993584
Contig3229_10000_20000	Contig3229	10000	20000	0.0917756871294571	0.000765360555231689	0.859140007830673
Contig32371_0_6660	Contig32371	0	6660	0.206976996700827	0.00112170984828066	0.788371466461843
Contig32435_10000_20000	Contig32435	10000	20000	0.679018780767713	0.0444173247825724	0.918327246633731
Contig32474_0_3498	Contig32474	0	3498	0.0049525231551758	0.000469489878217488	0.758797467574502
Contig3252_0_10000	Contig3252	0	10000	0.187093871769697	0.00104667251903314	0.923331585987594
Contig32526_10000_20000	Contig32526	10000	20000	0.16770873100608	0.000619966900742235	0.788103423396911
Contig32566_0_10000	Contig32566	0	10000	3.15337978263109e-05	0.00104463516169136	0.797641444145822
Contig32566_10000_20000	Contig32566	10000	20000	0.596106648826656	0.0136184443047225	0.909259088867904
Contig32578_0_10000	Contig32578	0	10000	0.0689673063847948	0.00134086046310077	0.786785775898473
Contig32850_10000_17965	Contig32850	10000	17965	0.2976503411134	0.00136474943844366	0.821144855436703
Contig32910_10000_19377	Contig32910	10000	19377	0.242270775385952	0.000390550433077035	0.808385372205033
Contig3292_0_10000	Contig3292	0	10000	0.0817380134081502	0.00066205065095971	0.795041178854203
Contig32950_0_6370	Contig32950	0	6370	0.0165910996073361	0.00105595200406335	0.879796035056558
Contig33_40000_50000	Contig33	40000	50000	0.852680667114108	0.522406681996281	0.960838839815641
Contig33153_40000_50000	Contig33153	40000	50000	0.14720736498644	0.000555303421903103	0.759280820658635
Contig33157_10000_19827	Contig33157	10000	19827	0.26918413629953	0.00188893711215207	0.870380957495216
Contig33165_0_10000	Contig33165	0	10000	2.13045618547009e-05	0.000487564063680603	0.746332215319306
Contig3320_0_10000	Contig3320	0	10000	0.609363249928358	0.161648444070648	0.905955194877735
Contig33234_0_5937	Contig33234	0	5937	0.800883827932708	0.360120896306735	0.961680684645463
Contig33284_0_10000	Contig33284	0	10000	0.115990007080273	0.000910675890294623	0.775179949683725
Contig33410_0_6874	Contig33410	0	6874	0.305139935760032	0.0018770180555139	0.88771413695025
Contig33432_0_10000	Contig33432	0	10000	0.614594534975442	0.0209398221144155	0.891227589312129
Contig33432_10000_20000	Contig33432	10000	20000	0.157168087078351	0.000411289656742495	0.796296720855941
Contig33523_10000_16394	Contig33523	10000	16394	0.546088935927381	0.00435388743669129	0.907364904938692
Contig33555_10000_20000	Contig33555	10000	20000	0.140709509279452	0.000523219905994956	0.788394236651218
Contig33644_20000_30000	Contig33644	20000	30000	0.0181452348559484	0.000727313175359274	0.746173460398363
Contig33745_0_10000	Contig33745	0	10000	0.132611858550031	0.000508150742632414	0.946759347802989
Contig33761_0_6123	Contig33761	0	6123	0.0210624769201817	0.00079668070127524	0.816974690699926
Contig33775_10000_20000	Contig33775	10000	20000	0.169925527113947	0.00181157080324328	0.842808368659061
Contig33816_0_10000	Contig33816	0	10000	0.593773616769306	0.0197662885273121	0.869882803842085
Contig34055_0_10000	Contig34055	0	10000	0.129766616879575	0.000688023357588653	0.779446614721344
Contig34057_0_10000	Contig34057	0	10000	0.602510731942317	0.0116659407581121	0.929034904700881
Contig341_0_10000	Contig341	0	10000	0.565982293237656	0.0220564430550688	0.890819815700278
Contig34298_20000_30000	Contig34298	20000	30000	0.0373279806123257	0.000758644314084159	0.744074678693273
Contig343_20000_30000	Contig343	20000	30000	0.581955991360017	0.00768834545078321	0.916421996683125
Contig3441_0_7746	Contig3441	0	7746	0.677661204578637	0.0632794044510644	0.917202373351767
Contig34452_10000_16969	Contig34452	10000	16969	0.379489234154808	0.00410942375502939	0.84378933102845
Contig34464_0_10000	Contig34464	0	10000	1	1	1
Contig34592_0_10000	Contig34592	0	10000	0.284500946981732	0.00121625316826404	0.86807789639678
Contig34689_10000_20000	Contig34689	10000	20000	0.0880551866338789	0.00155052461950767	0.819774614913271
Contig34727_0_3967	Contig34727	0	3967	0.347864023884803	0.00093456467230042	0.865141720235827
Contig34824_20000_28682	Contig34824	20000	28682	0.478245375798633	0.0851921338499776	0.871614687867257
Contig34949_0_10000	Contig34949	0	10000	0.756186810459	0.0825140031411907	0.95894301426339
Contig34958_0_10000	Contig34958	0	10000	0.0852881618630236	0.000700775394997228	0.809851189707829
Contig34988_10000_20000	Contig34988	10000	20000	0.353380353728154	0.00210165891423162	0.804232960992303
Contig35205_10000_20000	Contig35205	10000	20000	0.045729176933091	0.00112254375041223	0.847808280633636
Contig35423_0_10000	Contig35423	0	10000	0.309214124662442	0.00216607941426985	0.873867918414399
Contig35529_0_4894	Contig35529	0	4894	0.12774588279144	0.000548102654728898	0.809342857950741
Contig35720_0_7300	Contig35720	0	7300	0.826475819467842	0.366095905794974	0.953672558211349
Contig35790_0_10000	Contig35790	0	10000	0.378114886646603	0.00130436762510177	0.820175279619074
Contig35844_10000_20000	Contig35844	10000	20000	0.801996406009714	0.237935375577004	0.969153074969969
Contig35850_0_10000	Contig35850	0	10000	0.0438878691431691	0.000488269927558555	0.749383427190238
Contig35991_10000_14558	Contig35991	10000	14558	0.41799977843817	0.00269673895549826	0.871285426054361
Contig36056_0_10000	Contig36056	0	10000	0.744920423888621	0.119055545045825	0.956022694552058
Contig36121_0_8639	Contig36121	0	8639	0.355111425151671	0.000756996560595843	0.851221685922238
Contig36326_20000_26838	Contig36326	20000	26838	0.543728161941381	0.00900950305608398	0.889410601413316
Contig36467_10000_20000	Contig36467	10000	20000	0.494022400101911	0.00731103379758726	0.87200903026453
Contig3648_0_7374	Contig3648	0	7374	0.297030926260031	0.00342698127047511	0.7599677522597
Contig36482_0_10000	Contig36482	0	10000	0.672127923692633	0.0528233705774186	0.916197589421662
Contig36636_0_10000	Contig36636	0	10000	0.0983612197707017	0.00097141634564017	0.827313105309543
Contig36689_30000_40000	Contig36689	30000	40000	0.451700418343304	0.00140719791432411	0.891958158973931
Contig36744_10000_20000	Contig36744	10000	20000	0.189679283101689	0.000573681330003537	0.872273582886622
Contig36904_0_10000	Contig36904	0	10000	0.499055985138731	0.00596330075498941	0.899910870537997
Contig36904_10000_13588	Contig36904	10000	13588	0.223772106096231	0.000902987254850207	0.847059200335391
Contig36913_0_5671	Contig36913	0	5671	0.894065051026052	0.771608657913585	0.954244621755667
Contig369276_0_4682	Contig369276	0	4682	0.869178172460358	0.7055057035592	0.952055287687758
Contig36958_20000_30000	Contig36958	20000	30000	0.311507492874482	0.00114225662126294	0.866393797213383
Contig37091_0_7639	Contig37091	0	7639	0.000542682810599351	0.000741157647529938	0.784197439879963
Contig37114_0_10000	Contig37114	0	10000	0.393083155124592	0.00199652113676095	0.821037275149069
Contig37182_0_10000	Contig37182	0	10000	0.793663344848981	0.239363006648644	0.959773389613107
Contig37183_0_8654	Contig37183	0	8654	0.486941120094755	0.0038842407872033	0.875946454159883
Contig372_10000_20000	Contig372	10000	20000	0.162841652795835	0.000755256162817465	0.812714460351371
Contig37208_10000_20000	Contig37208	10000	20000	0.0584233048302842	0.00133755945582829	0.889916803650728
Contig37230_0_10000	Contig37230	0	10000	0.377363775467892	0.000815229083868788	0.830808369924619
Contig37241_10000_20000	Contig37241	10000	20000	0.26196095212091	0.000582151652223522	0.839651472612556
Contig37309_0_10000	Contig37309	0	10000	0.326516886155437	0.00174024707518706	0.834270313975986
Contig37557_0_10000	Contig37557	0	10000	0.593009456566742	0.0064911568379094	0.911400278290403
Contig37578_10000_20000	Contig37578	10000	20000	0.728780201909497	0.0623220406879862	0.94213462909961
Contig37656_30000_39752	Contig37656	30000	39752	0.417691382595865	0.0026906542217523	0.872923241800202
Contig37709_0_10000	Contig37709	0	10000	0.744243832810639	0.212541029120003	0.93618118100738
Contig37754_20000_23219	Contig37754	20000	23219	0.0244520893034889	0.000264468901566033	0.810214631966614
Contig3780_0_10000	Contig3780	0	10000	0.285859098216383	0.00207668651017004	0.778565957919771
Contig37981_10000_20000	Contig37981	10000	20000	0.794610568299406	0.34651932639145	0.944059520359449
Contig38_60000_70000	Contig38	60000	70000	0.00315186147397769	0.000881600972167311	0.781433804330374
Contig38020_10000_20000	Contig38020	10000	20000	0.149862373784708	0.00089803773119046	0.844771000729353
Contig38070_0_8409	Contig38070	0	8409	0.038523586473455	0.000445412807927693	0.764363793202236
Contig38210_0_10000	Contig38210	0	10000	0.558740097994952	0.01851340677883	0.84464167222231
Contig38214_10000_20000	Contig38214	10000	20000	0.276960170598529	0.00223750837398916	0.815803211167124
Contig383070_0_7696	Contig383070	0	7696	0.188798549047965	0.00139310241437671	0.848008994393442
Contig384_10000_20000	Contig384	10000	20000	0.172428605367881	0.000779961669815442	0.863621247239024
Contig385_0_10000	Contig385	0	10000	0.107922249506735	0.000830267317992918	0.794326028696829
Contig385_10000_11533	Contig385	10000	11533	0.400052634807262	0.00134570535597542	0.841789501425865
Contig38502_0_5365	Contig38502	0	5365	0.00479858697049166	0.00140288552423607	0.733955837610076
Contig38898_0_4576	Contig38898	0	4576	0.335604516395876	0.00125556918429884	0.860711465587897
Contig38940_10000_20000	Contig38940	10000	20000	0.126552927162238	0.000394985823892104	0.834382324294984
Contig38953_20000_23227	Contig38953	20000	23227	0.086103029003259	0.00030993242465845	0.804155596167663
Contig38995_0_10000	Contig38995	0	10000	0.00298346047351255	0.000479094334265903	0.778325651328683
Contig39116_0_10000	Contig39116	0	10000	0.0432016923606095	0.000929590410653156	0.755915863029633
Contig3917_0_10000	Contig3917	0	10000	0.449134625812527	0.0060247878638752	0.84713398554641
Contig39197_0_3831	Contig39197	0	3831	0.123951383671173	0.0007854282544212	0.798054390502461
Contig39372_0_5208	Contig39372	0	5208	0.0658892755391006	0.000372683084244415	0.848415623939317
Contig3946_0_10000	Contig3946	0	10000	0.688886765383648	0.0786682439154538	0.913014448055256
Contig39581_0_10000	Contig39581	0	10000	0.0471331433737426	0.000455812039446502	0.755219969488789
Contig3962_0_10000	Contig3962	0	10000	0.743024567041504	0.16690335347684	0.91809109481424
Contig3964_0_10000	Contig3964	0	10000	0.0391758740594075	0.000776137929297152	0.748862383030827
Contig397_10000_20000	Contig397	10000	20000	0.385704676235408	0.00239830573498825	0.910223992355879
Contig39720_0_10000	Contig39720	0	10000	0.0237036694567578	0.000275873777136435	0.784002375464842
Contig39792_0_10000	Contig39792	0	10000	0.276006758473533	0.0012177797004841	0.8985374099662
Contig39793_10000_15459	Contig39793	10000	15459	0.124736078236232	0.00119991124900148	0.811409488861456
Contig39810_0_10000	Contig39810	0	10000	0.240385891839052	0.000564412273217852	0.785548325777717
Contig40150_0_10000	Contig40150	0	10000	0.00976255550450775	0.000446230448868327	0.78511445937044
Contig40218_0_6323	Contig40218	0	6323	0.0346749336265239	0.00032790634154222	0.770971071476845
Contig4027_0_7498	Contig4027	0	7498	0.526304838162355	0.00566037493843526	0.893656767784516
Contig40426_10000_20000	Contig40426	10000	20000	0.81532983640363	0.353632031459856	0.971057867464761
Contig40456_0_10000	Contig40456	0	10000	0.868143606873561	0.672601726868318	0.952693729733752
Contig405_20000_30000	Contig405	20000	30000	0.0202578079870769	0.000410152676546968	0.786426082034214
Contig406_30000_40000	Contig406	30000	40000	0.0134820182306643	0.00079667160140052	0.852003391040909
Contig40610_0_10000	Contig40610	0	10000	0.221440181308487	0.0012429219772719	0.779364300496949
Contig40674_10000_20000	Contig40674	10000	20000	0.232175026179401	0.000925971165976126	0.772031376867886
Contig40754_0_10000	Contig40754	0	10000	0.362057802498569	0.000892542345715564	0.870854110584219
Contig408_20000_28522	Contig408	20000	28522	0.0311036844078936	0.000538737394627313	0.780602673005404
Contig4083_0_10000	Contig4083	0	10000	0.824578300254476	0.418742131720088	0.954063245995231
Contig40979_0_10000	Contig40979	0	10000	0.02357542406467	0.00073275359028427	0.819897235190483
Contig41076_0_10000	Contig41076	0	10000	0.0415256092760627	0.000770215259486649	0.771699111678615
Contig412716_0_6481	Contig412716	0	6481	0.0165489332764703	0.000420680472393179	0.813321399839391
Contig41417_0_6110	Contig41417	0	6110	0.378544942809921	0.0022837567799029	NA
Contig41893_0_10000	Contig41893	0	10000	0.214586237429256	0.00107390226123919	0.889063354750148
Contig41965_0_10000	Contig41965	0	10000	0.203240710074945	0.000913281910743188	0.835849084679805
Contig4205_0_5155	Contig4205	0	5155	0.000545717010210555	0.000579317140792332	0.841657484237565
Contig42159_0_10000	Contig42159	0	10000	0.354557437608317	0.00162296861834903	0.895387674059129
Contig42291_0_10000	Contig42291	0	10000	0.412892729423841	0.00261662243992812	0.807490872554983
Contig42447_10000_12364	Contig42447	10000	12364	0.0123672157923459	0.000516463192923413	0.832969650554816
Contig42553_0_10000	Contig42553	0	10000	0.59444082226781	0.0205479926231949	0.885190567152033
Contig42610_10000_20000	Contig42610	10000	20000	0.00569651192511207	0.000490260705961045	0.770562670352637
Contig42660_0_9502	Contig42660	0	9502	0.74050199525791	0.0643464603477748	0.95005286882813
Contig42692_0_10000	Contig42692	0	10000	0.0994770902106756	0.00145711749140963	0.738209921902387
Contig42700_0_10000	Contig42700	0	10000	0.279971640822961	0.000777600475912366	0.850753288260381
Contig42731_10000_16362	Contig42731	10000	16362	0.602188334515819	0.0218670421847669	0.927063389225677
Contig42870_10000_20000	Contig42870	10000	20000	0.437018885014258	0.00290531785728131	0.880188177664168
Contig42901_20000_25182	Contig42901	20000	25182	8.99613023588076e-41	1.16949693066522e-39	NA
Contig43024_0_7892	Contig43024	0	7892	0.0494060623885708	0.000733011379819612	0.819473098301099
Contig43197_0_10000	Contig43197	0	10000	0.360582513740497	0.00186004884169281	0.856661333929526
Contig43246_0_10000	Contig43246	0	10000	0.314025420266777	0.00237599816836326	0.827471376545508
Contig43387_0_5140	Contig43387	0	5140	0.672768051883726	0.122849267851244	0.922745699159296
Contig43403_10000_19773	Contig43403	10000	19773	0.721392214100164	0.079020311249903	0.951543296124679
Contig43408_10000_20000	Contig43408	10000	20000	0.0284169610750209	0.000256777570276162	0.771459654240413
Contig435_0_10000	Contig435	0	10000	0.635930841865167	0.059891660177027	0.902220450645714
Contig43532_0_10000	Contig43532	0	10000	0.33418463602849	0.00144415936658699	0.893733400473693
Contig43574_0_9884	Contig43574	0	9884	0.70616237588552	0.0867847187273441	0.916485914839876
Contig43601_0_6595	Contig43601	0	6595	0.00063241278822065	0.0005267305619025	0.733725030899949
Contig43737_0_10000	Contig43737	0	10000	0.561483728615372	0.0108128262667317	0.869983126273082
Contig43955_20000_26613	Contig43955	20000	26613	0.199646035169088	0.000932694187528447	0.865249786629037
Contig44002_20000_30000	Contig44002	20000	30000	0.039318373352461	0.000375001353177402	0.776611733952707
Contig44123_10000_20000	Contig44123	10000	20000	0.628529476236243	0.0159445126846764	0.915962798326669
Contig44171_0_10000	Contig44171	0	10000	0.400118189699937	0.00217790784727432	0.873539428097289
Contig44312_0_10000	Contig44312	0	10000	0.476962114692028	0.00184674667173901	0.919003469591072
Contig44353_0_8351	Contig44353	0	8351	0.097255931293468	0.000791084944827191	0.775515750512611
Contig44432_0_10000	Contig44432	0	10000	1	1	1
Contig44514_0_10000	Contig44514	0	10000	0.547390384016523	0.004432300714663	0.926619115182459
Contig44671_0_10000	Contig44671	0	10000	0.0334421859970114	0.000564399934770849	0.763842128041427
Contig4520_0_4224	Contig4520	0	4224	0.461282132075432	0.00305784281568035	0.876028640667616
Contig45201_0_4467	Contig45201	0	4467	0.41413488718208	0.00193920659763185	0.801168063792382
Contig45217_0_5849	Contig45217	0	5849	0.152617059739241	0.00124355705423102	0.826212872096021
Contig45294_0_10000	Contig45294	0	10000	0.525564937713789	0.00856544258842601	0.855120247184144
Contig453247_0_1313	Contig453247	0	1313	0.553743979512536	0.0140617087055128	0.913468762775534
Contig45462_10000_19292	Contig45462	10000	19292	0.0356574339382361	0.000454574972400818	0.832296102194563
Contig4549_0_8717	Contig4549	0	8717	0.122363483852791	0.00144667103190373	0.79123502606337
Contig45621_0_10000	Contig45621	0	10000	0.158576528408226	0.000647078829609335	0.804950141669639
Contig45855_0_5013	Contig45855	0	5013	0.0851665093330831	0.000647392040842745	0.811289472394272
Contig45873_0_10000	Contig45873	0	10000	0.0886349141507827	0.00036720612868231	0.814000323710447
Contig459203_0_4096	Contig459203	0	4096	0.179914286802518	0.000783551532284688	0.841135212027054
Contig45945_10000_20000	Contig45945	10000	20000	0.692623209219558	0.124996779820914	0.903543419940008
Contig45964_0_10000	Contig45964	0	10000	0.537787219948261	0.00379844638451534	0.937288254920151
Contig46203_0_10000	Contig46203	0	10000	0.0232718381270839	0.000785583612966409	0.827339533946071
Contig46290_0_10000	Contig46290	0	10000	0.00376818856646594	0.00028365778700523	0.764927306848967
Contig46376_0_10000	Contig46376	0	10000	0.00607707572678175	0.000594131842447786	0.784743420934867
Contig46599_0_10000	Contig46599	0	10000	0.014434218298979	0.00030609840043245	0.750475855359341
Contig46726_0_10000	Contig46726	0	10000	0.0317467055080657	0.000488639816330613	0.755370184049375
Contig46746_0_10000	Contig46746	0	10000	0.00230861099782419	0.000541663573888595	0.782314397710424
Contig46755_0_10000	Contig46755	0	10000	0.346187295130584	0.00112134506541619	0.848741385420466
Contig46799_0_10000	Contig46799	0	10000	0.371347235920703	0.0018791529390884	0.854030501089325
Contig46919_10000_20000	Contig46919	10000	20000	0.245712430670193	0.00098033899629859	0.86908077994429
Contig47007_20000_30000	Contig47007	20000	30000	0.194722835216715	0.000534941505180114	0.853346595139442
Contig47057_20000_30000	Contig47057	20000	30000	0.457302473126384	0.00259571035704206	0.89725184552484
Contig470690_0_1460	Contig470690	0	1460	0.597951211322383	0.0162225404583857	0.892234994979923
Contig47243_0_10000	Contig47243	0	10000	0.647987666863726	0.0485830035502814	0.898320642324706
Contig47538_10000_12334	Contig47538	10000	12334	0.669522388117615	0.0310665118078835	0.931176050921674
Contig47556_20000_26352	Contig47556	20000	26352	0.244185757992417	0.000917705096545739	0.856019578172907
Contig47777_0_10000	Contig47777	0	10000	0.000403112108763817	0.00116542510788177	0.749056186537585
Contig47813_0_10000	Contig47813	0	10000	0.677671522569277	0.057013507065525	0.945039880566142
Contig47819_0_10000	Contig47819	0	10000	0.406637837560453	0.00159453855270537	0.851457033398595
Contig47895_10000_18264	Contig47895	10000	18264	0.300403940512181	0.000784447697325582	0.826144484411335
Contig47920_10000_16680	Contig47920	10000	16680	0.323507860974675	0.00166488840142349	0.82378281641113
Contig47976_0_10000	Contig47976	0	10000	0.0793553977791363	0.000840344442974016	0.756048150085649
Contig47990_0_9164	Contig47990	0	9164	0.626422512823712	0.00533655520482722	0.919948879031236
Contig48014_0_10000	Contig48014	0	10000	0.373250040836968	0.00182399653519892	0.928835589402163
Contig48059_0_10000	Contig48059	0	10000	0.0576153656300421	0.000666958230077492	0.803313470832231
Contig48270_0_10000	Contig48270	0	10000	0.0728783347722327	0.000609055127102194	0.822266684929512
Contig48445_0_6654	Contig48445	0	6654	0.389650914937983	0.00266639098409285	0.868345866125297
Contig48578_10000_15236	Contig48578	10000	15236	0.0154211843309083	0.000441709083226472	0.760525562789005
Contig485898_0_9517	Contig485898	0	9517	0.19106868048961	0.000418229217493131	0.873403948519896
Contig48644_0_1232	Contig48644	0	1232	0.539064745539718	0.0113011932542559	0.89299375199153
Contig48819_0_6475	Contig48819	0	6475	0.0320076546452312	0.000368754736146586	0.844001318182273
Contig489_30000_40000	Contig489	30000	40000	0.00191758278974617	0.000317724268853351	0.739929671826944
Contig48921_0_10000	Contig48921	0	10000	0.0101103773531247	0.000422483000191477	0.759691322972098
Contig49054_0_10000	Contig49054	0	10000	0.636085959976488	0.0426299303451705	0.896030748829465
Contig49209_0_10000	Contig49209	0	10000	0.85995986414512	0.574340062833718	0.961949248921336
Contig49227_10000_20000	Contig49227	10000	20000	0.732815056494168	0.20748034482032	0.906539460273776
Contig49279_20000_29761	Contig49279	20000	29761	0.00520846363990622	0.00059114651639239	0.744772439841815
Contig49380_0_9655	Contig49380	0	9655	0.694260852653307	0.0488612605010682	0.9352139423936
Contig49393_0_1909	Contig49393	0	1909	0.0165115071646913	0.000477105455052409	0.810228548096679
Contig49399_0_10000	Contig49399	0	10000	0.832893768914119	0.371819783533537	0.968831318574327
Contig494383_0_1778	Contig494383	0	1778	0.0194491176375345	0.000383900585552183	0.771520351065825
Contig49860_10000_20000	Contig49860	10000	20000	0.03793336450911	0.000699424497685379	0.747096177548963
Contig49934_0_10000	Contig49934	0	10000	0.0808508544556292	0.000646596163119797	0.783234498003712
Contig49995_0_10000	Contig49995	0	10000	0.302457003088842	0.00132353223049487	0.839442879561497
Contig50000_20000_30000	Contig50000	20000	30000	0.0015085386496061	0.000768249391411154	0.770776012827351
Contig50177_0_9685	Contig50177	0	9685	0.0517824419679317	0.000599952396351264	0.805408919023436
Contig50387_20000_27695	Contig50387	20000	27695	0.00010816142120777	0.000210392231198069	0.780061130037419
Contig50654_10000_20000	Contig50654	10000	20000	0.00105780937589095	0.000609022359419854	0.844185583903855
Contig50657_0_10000	Contig50657	0	10000	0.0650363316561644	0.000815276069600939	0.816029587011599
Contig50663_10000_20000	Contig50663	10000	20000	0.378515452899923	0.00179640762950407	0.844540641134028
Contig50949_10000_20000	Contig50949	10000	20000	0.102670437251569	0.00133512726254539	0.777005014022397
Contig50988_0_3658	Contig50988	0	3658	0.262309029267881	0.00222106226765266	0.780479406900142
Contig51028_10000_20000	Contig51028	10000	20000	8.16640394654866e-06	0.00031708576925421	0.736211905876115
Contig51058_0_10000	Contig51058	0	10000	0.247524752475247	0.00129310344827588	NA
Contig5107_0_9626	Contig5107	0	9626	0.642375217752067	0.0184603193544796	0.909736481778014
Contig51105_0_10000	Contig51105	0	10000	0.334162154619564	0.00367387779119077	0.837813308556819
Contig51200_0_10000	Contig51200	0	10000	0.878609253633552	0.658050728061706	0.958881893103757
Contig51234_0_3322	Contig51234	0	3322	0.140529484624314	0.00147499679251056	0.830443522055361
Contig51282_0_5056	Contig51282	0	5056	0.173087169751198	0.00149796706980212	0.866411043293793
Contig515_10000_20000	Contig515	10000	20000	0.033329653948712	0.000832639467110738	0.852541404593993
Contig51525_0_7638	Contig51525	0	7638	0.101891236583573	0.000476444148656739	0.905290719544413
Contig51721_10000_17611	Contig51721	10000	17611	0.149588782734786	0.00110906232552634	0.796921229357837
Contig51789_0_8921	Contig51789	0	8921	0.0458647139086738	0.000309812528422356	0.827567579423141
Contig5182_10000_14467	Contig5182	10000	14467	0.296372643542115	0.00222924362098258	0.868774938128299
Contig52011_0_10000	Contig52011	0	10000	0.0697297877859206	0.000921493978695056	0.873823893510916
Contig52148_0_10000	Contig52148	0	10000	0.821116740187468	0.321225008215546	0.968158721183737
Contig52273_0_10000	Contig52273	0	10000	0.0447124111302324	0.000475250105509608	0.848439777073749
Contig5229_0_9543	Contig5229	0	9543	0.561884483401765	0.00924118778903947	0.902720563521576
Contig52334_0_6995	Contig52334	0	6995	0.317075831682289	0.00241805775809478	0.870755372791129
Contig52354_10000_14845	Contig52354	10000	14845	0.476959237424018	0.00338449401489371	0.863083289557825
Contig52768_0_10000	Contig52768	0	10000	0.140750566869321	0.000528391380370032	0.797780608496449
Contig52789_0_10000	Contig52789	0	10000	0.0173503663072951	0.000763503885468538	0.774383985215324
Contig52798_0_8783	Contig52798	0	8783	0.393531816123124	0.00160007760343438	0.855524968186366
Contig530572_0_2005	Contig530572	0	2005	0.78358618546624	0.248702768643887	0.952661072109416
Contig53089_0_10000	Contig53089	0	10000	0.0299688634431186	0.000704120429601903	0.798408005268023
Contig53092_0_9946	Contig53092	0	9946	0.0207833942494339	0.000450638222911585	0.733186022129376
Contig53472_10000_20000	Contig53472	10000	20000	0.200979393711406	0.000783804481976673	0.850669451629363
Contig53479_10000_20000	Contig53479	10000	20000	0.468871187450247	0.0242424042286711	0.83410660332129
Contig53609_0_7879	Contig53609	0	7879	0.0650331320825639	0.000920337712506629	0.76291964982807
Contig53754_10000_20000	Contig53754	10000	20000	0.0325592053865313	0.000700835809841042	0.75691568744532
Contig53868_20000_26346	Contig53868	20000	26346	0.0535367483090605	0.000675829926214571	0.782915921202474
Contig54103_10000_20000	Contig54103	10000	20000	0.0686295337872073	0.000765593081316761	0.798081843379214
Contig54225_0_3315	Contig54225	0	3315	0.116907696245237	0.00074294445342735	0.848734515996393
Contig54281_10000_20000	Contig54281	10000	20000	0.676684546552369	0.0683768841060853	0.902034479094307
Contig54311_10000_20000	Contig54311	10000	20000	0.0247813224683017	0.000826412553737571	0.728579577459685
Contig54386_10000_20000	Contig54386	10000	20000	0.597016956566553	0.0105528022384214	0.89910782952834
Contig54443_0_7725	Contig54443	0	7725	0.224220323979618	0.000808430110875207	0.816470687442959
Contig54624_10000_20000	Contig54624	10000	20000	0.70046202213875	0.0845141449155596	0.944636639767152
Contig54642_0_10000	Contig54642	0	10000	0.242857798506619	0.00106523986131233	0.829726440522256
Contig55084_0_10000	Contig55084	0	10000	0.638937706784638	0.0198987097627731	0.897134725609443
Contig55240_0_3044	Contig55240	0	3044	0.129967928127546	0.000764272719969331	0.790966697273328
Contig55334_0_10000	Contig55334	0	10000	0.0278718116574916	0.00110786867789789	0.801779675925105
Contig55455_10000_15001	Contig55455	10000	15001	0.245899190557861	0.00144076844686767	0.783518362712852
Contig55493_0_10000	Contig55493	0	10000	0.637309416442278	0.0170733148983412	0.914168887641183
Contig55515_0_10000	Contig55515	0	10000	0.349453301637898	0.00239246352709886	0.856374470377604
Contig55576_0_10000	Contig55576	0	10000	0.0222983078743033	0.000543103528454272	0.862095733068211
Contig55585_0_4806	Contig55585	0	4806	0.785807839929971	0.183803519665664	0.953404271732975
Contig55629_0_10000	Contig55629	0	10000	0.260423619993352	0.00186312600702566	0.814384435123932
Contig55831_0_10000	Contig55831	0	10000	0.134398500530853	0.000573851915420662	0.805900382212157
Contig56_10000_20000	Contig56	10000	20000	0.403160690114418	0.00117868568891888	0.866998841990077
Contig56169_0_9218	Contig56169	0	9218	0.565986646114777	0.00545641254098955	0.893009819566725
Contig56178_0_5887	Contig56178	0	5887	0.200807371355018	0.0011915899724502	0.84121251251546
Contig56229_0_10000	Contig56229	0	10000	0.22802549491828	0.00102581331278839	0.813899125174347
Contig56336_0_5473	Contig56336	0	5473	0.00697202598445682	0.000612152799586415	0.769835762019927
Contig56370_0_10000	Contig56370	0	10000	0.0923805647619075	0.000480084129028324	0.79802964256284
Contig56449_0_9643	Contig56449	0	9643	0.282367169554639	0.00085166642730944	0.844177819871332
Contig56657_0_7570	Contig56657	0	7570	0.343442395002764	0.00118745551078844	0.829138737774064
Contig56698_0_10000	Contig56698	0	10000	0.250016225445162	0.000738707445918073	0.818088988244932
Contig57004_0_10000	Contig57004	0	10000	0.248867424852814	0.00129320197001461	0.861667234707412
Contig57054_10000_12589	Contig57054	10000	12589	0.910595327711959	0.727185373693225	0.98315243011576
Contig57122_0_7311	Contig57122	0	7311	0.210501975106948	0.000708139068580535	0.779350506133992
Contig57138_10000_13869	Contig57138	10000	13869	0.136173695825356	0.000446609559601445	0.847395734917357
Contig57247_0_8776	Contig57247	0	8776	0.126883675545895	0.000429770130829282	0.805672595238445
Contig57354_0_7298	Contig57354	0	7298	0.0246324097047954	0.000469199879295866	0.758769253991553
Contig57375_0_10000	Contig57375	0	10000	0.480302394367233	0.00281925524291484	0.875339519752054
Contig57534_0_10000	Contig57534	0	10000	0.157359011271519	0.00158250524202694	0.806610389882222
Contig57717_10000_20000	Contig57717	10000	20000	0.655124811000918	0.0209757121888091	0.916193650176408
Contig57742_0_10000	Contig57742	0	10000	0.234695282641309	0.002006241766283	0.807576406191973
Contig57879_0_10000	Contig57879	0	10000	0.450129819818928	0.00216683205150653	0.900624118236772
Contig58188_10000_19272	Contig58188	10000	19272	0.0297797807146461	0.000361426248736365	0.867582958436684
Contig583_10000_20000	Contig583	10000	20000	0.767532337825227	0.113381291971207	0.946733688413281
Contig584089_10000_12488	Contig584089	10000	12488	1.86277349877615e-05	0.000382472509874937	0.773116947883412
Contig58591_10000_20000	Contig58591	10000	20000	0.00988191519271141	0.000571772481823927	0.801397549231984
Contig58782_0_7003	Contig58782	0	7003	0.277811236340092	0.00188526968989508	0.802719831864087
Contig58864_0_4963	Contig58864	0	4963	0.296899574090215	0.00172063218738714	0.861315411419125
Contig58929_0_10000	Contig58929	0	10000	0.00260879780237437	0.000296590890492782	0.784129035456414
Contig59181_0_8372	Contig59181	0	8372	0.302011844516252	0.000632448236089595	0.833558555610519
Contig59222_0_10000	Contig59222	0	10000	0.141432647466294	0.00261512634632233	0.827535457223747
Contig59454_0_10000	Contig59454	0	10000	0.736512706271589	0.212920516071673	0.926271954817398
Contig59673_0_10000	Contig59673	0	10000	0.020955418250033	0.00136490711748079	0.783912703777035
Contig59862_0_10000	Contig59862	0	10000	0.226033840979068	0.00150239055274969	0.789963861179753
Contig59976_0_9566	Contig59976	0	9566	0.128571428571429	0.00167263611912733	NA
Contig60108_0_10000	Contig60108	0	10000	0.39565334736615	0.00361514301376513	0.862701796151576
Contig6021_0_10000	Contig6021	0	10000	0.523350244972882	0.0180694459339389	0.847417086323437
Contig60215_0_3141	Contig60215	0	3141	0.708074533744674	0.0474126586377566	0.931435899919034
Contig60216_0_10000	Contig60216	0	10000	0.00764956407064272	0.000628154214035868	0.728103587050444
Contig60293_0_10000	Contig60293	0	10000	0.430058532903947	0.00283884407946002	0.854924409013142
Contig60392_0_7556	Contig60392	0	7556	0.0174171373521719	0.000783843211985021	0.744930106338938
Contig60490_0_10000	Contig60490	0	10000	0.149941090332414	0.000875224991681562	0.830204890853748
Contig60537_0_10000	Contig60537	0	10000	0.213142970004453	0.00104080193749894	0.808277305639512
Contig60694_10000_19593	Contig60694	10000	19593	0.0135074821444363	0.00146487364629091	0.786366377555133
Contig60781_0_10000	Contig60781	0	10000	0.152276548070629	0.00104272187798832	0.823004574712927
Contig60851_0_2159	Contig60851	0	2159	0.381966416548549	0.00602266646333751	0.800574160318188
Contig60949_0_6134	Contig60949	0	6134	0.212628625409772	0.000551471836433247	0.764047904985721
Contig61035_0_10000	Contig61035	0	10000	0.0317191141381469	0.00101899713930791	0.740863807535549
Contig61046_0_10000	Contig61046	0	10000	0.135295118157085	0.00021898527537157	0.840587433224914
Contig61092_0_8628	Contig61092	0	8628	0.0978327978045873	0.000883168332694202	0.811334821434731
Contig611_10000_20000	Contig611	10000	20000	0.0576905920486625	0.000527053143375509	0.796527319312278
Contig61127_10000_18093	Contig61127	10000	18093	0.0567074403136316	0.000392795125392608	0.778008010493371
Contig61200_0_10000	Contig61200	0	10000	0.349780194894252	0.00358132952281727	0.80773966611519
Contig61234_0_5428	Contig61234	0	5428	0.0549924552954071	0.000786032732553646	0.794366240319237
Contig61467_20000_27111	Contig61467	20000	27111	0.0684107821291435	0.000529735456599517	0.821532214294763
Contig61494_0_7631	Contig61494	0	7631	0.355057945755509	0.00221231688811497	0.863170876890613
Contig61792_0_4835	Contig61792	0	4835	0.00722050104015264	0.000278118901685198	0.858185340463497
Contig61940_20000_30000	Contig61940	20000	30000	0.613462305618436	0.0122447772261362	0.893040947795223
Contig62033_0_9495	Contig62033	0	9495	0.745882346942484	0.133434886034265	0.95380263745005
Contig62165_0_3669	Contig62165	0	3669	0.0211709938010444	0.000642912062663845	0.763642607348008
Contig62320_0_10000	Contig62320	0	10000	0.312092387507729	0.00119893596001993	0.83444454280011
Contig62371_10000_20000	Contig62371	10000	20000	0.52574341887112	0.0240366792445679	0.859485552970991
Contig62372_0_10000	Contig62372	0	10000	0.546549797725511	0.00402595414761863	0.879094369036273
Contig6242_0_10000	Contig6242	0	10000	0.428002121794572	0.00190584546973882	0.886318817878387
Contig62585_10000_17738	Contig62585	10000	17738	0.21682540134236	0.00111811123210565	0.786990333662397
Contig62739_0_10000	Contig62739	0	10000	0.0369196633388532	0.000560403826476253	0.771566978976188
Contig62982_0_10000	Contig62982	0	10000	0.0375585781515159	0.000420217856718224	0.771032727196739
Contig630_20000_30000	Contig630	20000	30000	0.246253259470961	0.00166887757285292	0.861033746880313
Contig6311_10000_18376	Contig6311	10000	18376	0.000374088985985512	0.000649746049329181	0.757722074446485
Contig63317_20000_22517	Contig63317	20000	22517	0.760701422514303	0.165189438890697	0.92718304908096
Contig6332_0_4304	Contig6332	0	4304	0.388283240722119	0.00219655141165981	0.863092747775847
Contig63442_0_7381	Contig63442	0	7381	0.724239450309288	0.182810435668235	0.921533940806758
Contig63674_10000_20000	Contig63674	10000	20000	0.0048392259451713	0.000676785495769166	0.86258371118536
Contig63954_10000_20000	Contig63954	10000	20000	0.280626108542184	0.00481211731204819	0.811693843564777
Contig63974_20000_30000	Contig63974	20000	30000	0.468559568745353	0.0062897369447014	0.850834334244068
Contig64271_0_6968	Contig64271	0	6968	0.238311075863563	0.000680368835243145	0.804460170585444
Contig64364_0_10000	Contig64364	0	10000	0.395293829663062	0.00130659254243513	0.855275754275182
Contig64489_0_10000	Contig64489	0	10000	0.016662926641613	0.000928430100192512	0.940729794882041
Contig64495_0_10000	Contig64495	0	10000	0.28156226254901	0.00122123370970297	0.837639843209667
Contig64507_0_4296	Contig64507	0	4296	0.423202807436309	0.00665344258732352	0.790162256943896
Contig64885_0_10000	Contig64885	0	10000	0.361145933545104	0.00213397600257238	0.847478457383161
Contig64981_0_10000	Contig64981	0	10000	0.649756611430389	0.0358305292003327	0.91671898984564
Contig650_0_10000	Contig650	0	10000	0.0655076685669939	0.000516352959872785	0.791896967863199
Contig65116_0_10000	Contig65116	0	10000	0.72403071198532	0.0890507623093946	0.936267671997951
Contig65296_0_5019	Contig65296	0	5019	0.123023712979227	0.00121406067580081	0.757975165460806
Contig653_0_10000	Contig653	0	10000	0.0880663878371247	0.00049429869651902	0.805257507892051
Contig65397_0_10000	Contig65397	0	10000	0.0540182525213197	0.000642874109056584	0.76832296815124
Contig65553_0_6399	Contig65553	0	6399	0.511083203549364	0.00466437501704028	0.877289118702324
Contig6567_0_5607	Contig6567	0	5607	0.304700868587509	0.000891875218788079	0.850229748190924
Contig65681_10000_11604	Contig65681	10000	11604	0.0214144202316511	0.000471374799195072	0.786387479915984
Contig6588_0_3838	Contig6588	0	3838	0.0151606193289802	0.0011077863097518	0.754645444653322
Contig66125_0_9308	Contig66125	0	9308	0.418302185008906	0.00218498073035662	0.828936214775562
Contig66193_20000_28551	Contig66193	20000	28551	0.328953780205718	0.000853459693141796	0.821982085516916
Contig66489_30000_39031	Contig66489	30000	39031	0.16538151539992	0.00192936519191788	0.734061419513171
Contig6667_0_7552	Contig6667	0	7552	1.33164643631961e-07	0.000584728098994205	0.895383913306804
Contig67030_0_10000	Contig67030	0	10000	0.0566030386784033	0.00073230644454647	0.751136242746182
Contig67064_0_5009	Contig67064	0	5009	0.114686935828577	0.00117067736046804	0.798678737449174
Contig67233_0_10000	Contig67233	0	10000	0.0240602157353884	0.000334605755689195	0.779470206877927
Contig676684_0_1647	Contig676684	0	1647	0.634945174286243	0.0278744413432621	0.902897960089835
Contig67817_0_10000	Contig67817	0	10000	0.419602047492449	0.00202538478357969	0.913760130533681
Contig67838_0_10000	Contig67838	0	10000	0.614495765744164	0.0300187060555531	0.874717155903534
Contig68006_0_10000	Contig68006	0	10000	0.0402831628260586	0.000401305329150282	0.809838610389958
Contig68111_0_10000	Contig68111	0	10000	0.0311889944969331	0.000840306507145671	0.803699354690212
Contig68306_0_8568	Contig68306	0	8568	0.0247366667615087	0.00026895833104901	0.762808728859382
Contig69194_0_10000	Contig69194	0	10000	0.516419067459738	0.00681384873980534	0.855914174046988
Contig69393_0_10000	Contig69393	0	10000	0.0363215707812454	0.000661615342436285	0.866902816328602
Contig70269_0_7155	Contig70269	0	7155	0.367200173326304	0.00129599742850751	0.807948887416473
Contig70431_10000_13423	Contig70431	10000	13423	0.0576280188959892	0.000514099243686976	0.819329825726053
Contig70568_0_5228	Contig70568	0	5228	0.62630455413023	0.107351501012898	0.871992601514871
Contig70740_0_2750	Contig70740	0	2750	0.469286805132132	0.00126682231706983	0.881991457209109
Contig7105_0_1558	Contig7105	0	1558	0.0937744851784304	0.000621736052323835	0.773796433825289
Contig71466_0_4231	Contig71466	0	4231	0.37592102100808	0.00127391596231133	0.853241495033436
Contig71759_20000_30000	Contig71759	20000	30000	0.60051119526035	0.00851677885481841	0.916767423538181
Contig72025_0_10000	Contig72025	0	10000	0.0540214746543498	0.000805006509951698	0.764860542193862
Contig72349_0_10000	Contig72349	0	10000	0.563446061007634	0.00966328128772995	0.935582319283047
Contig726_30000_38531	Contig726	30000	38531	0.467578615414951	0.00420530596133423	0.840915364403284
Contig73132_0_9374	Contig73132	0	9374	0.199264064449686	0.000906252244892004	0.842954062271465
Contig73214_0_10000	Contig73214	0	10000	0.0222994650700936	0.00038820361329639	0.888713663175274
Contig73787_0_9688	Contig73787	0	9688	0.342434942169604	0.00282944915346938	0.848411869032934
Contig73890_0_10000	Contig73890	0	10000	0.787817819105585	0.27287693024646	0.945063242362307
Contig7395_0_4452	Contig7395	0	4452	0.154542198072627	0.000362880999737151	0.943015038176481
Contig73980_0_3836	Contig73980	0	3836	0.591658219524272	0.0242155119280593	0.87509593731736
Contig73995_10000_14276	Contig73995	10000	14276	0.202438486817002	0.000612125073392546	0.850712769072735
Contig74089_0_7178	Contig74089	0	7178	0.0946768437199574	0.00114770401010978	0.748660089027523
Contig7430_0_6721	Contig7430	0	6721	0.184878599343171	0.00137159696447295	0.788246700531633
Contig74528_0_3480	Contig74528	0	3480	0.247870960215752	0.000604968446888651	0.807371613958653
Contig75131_0_4964	Contig75131	0	4964	0.411634781110373	0.00296761106551147	0.842793036915595
Contig75212_0_10000	Contig75212	0	10000	0.274438117766156	0.00113031583007884	0.903114471758828
Contig75774_10000_16727	Contig75774	10000	16727	0.00398070326169866	0.000554523548768391	0.783742788922259
Contig75850_0_9226	Contig75850	0	9226	0.144432968843168	0.000847514329004302	0.824062427467796
Contig75880_0_10000	Contig75880	0	10000	0.795363463007063	0.406708140485517	0.946050231819554
Contig760_30000_40000	Contig760	30000	40000	0.683082767599772	0.0509357107619162	0.906154620702897
Contig76044_0_3335	Contig76044	0	3335	0.629379467348552	0.0256103069990202	0.904921950847553
Contig76309_0_7563	Contig76309	0	7563	0.0519213368669573	0.000509996049956202	0.787732922775061
Contig76414_0_10000	Contig76414	0	10000	0.409289208969815	0.00105938061979744	0.864270530795475
Contig76568_10000_11043	Contig76568	10000	11043	0.00125724480358442	0.000328548764813918	0.811346682416463
Contig773_20000_30000	Contig773	20000	30000	0.111688784526895	0.00224773267183839	0.814204493359642
Contig77382_10000_14455	Contig77382	10000	14455	0.874047388248068	0.685933201768708	0.964446598126503
Contig77492_0_10000	Contig77492	0	10000	0.87157902433551	0.626356576998723	0.992031277236845
Contig77666_0_10000	Contig77666	0	10000	0.0651735518072947	0.000484409947324431	0.809762363366035
Contig77708_0_7324	Contig77708	0	7324	0.0214180605612074	0.000367865900218348	0.802543883279221
Contig7795_0_6628	Contig7795	0	6628	0.0296364957286368	0.000668505055569478	0.811594202898551
Contig78231_0_7474	Contig78231	0	7474	0.567304490370533	0.00673931444369391	0.926907258376778
Contig7841_0_7932	Contig7841	0	7932	0.394379604741584	0.0020069153073344	0.921841234753792
Contig78422_0_10000	Contig78422	0	10000	0.789404858596362	0.312698676448577	0.936082919070261
Contig786_20000_30000	Contig786	20000	30000	0.303728697780941	0.00108398115594774	0.829751965352277
Contig79035_0_4416	Contig79035	0	4416	0.295022387634363	0.00161665609527092	0.856611956608056
Contig79113_0_8164	Contig79113	0	8164	0.406067315580133	0.00213452612279157	0.851433048956609
Contig79282_0_10000	Contig79282	0	10000	0.00125058544397903	0.000505653352081259	0.776541961577351
Contig7931_0_3627	Contig7931	0	3627	0.042059091914566	0.000982032175440081	0.796396245515754
Contig8_70000_80000	Contig8	70000	80000	0.738693086879139	0.0554512304772505	0.956362238446825
Contig80560_0_6629	Contig80560	0	6629	0.408289620991272	0.00209246058143662	0.888389933120941
Contig80973_0_10000	Contig80973	0	10000	0.160103040132789	0.00084537425156414	0.815903820448175
Contig81035_0_7811	Contig81035	0	7811	0.277845151825538	0.00116723899980123	0.859629270711939
Contig81137_0_7475	Contig81137	0	7475	0.25644776185006	0.000964308044579877	0.810425111595033
Contig81146_0_4627	Contig81146	0	4627	0.510285057932291	0.00639629583613705	0.875641541286414
Contig81172_0_7640	Contig81172	0	7640	0.201115180177514	0.000655329126255775	0.80807166205919
Contig8150_0_9494	Contig8150	0	9494	0.478672056634327	0.00396704544813912	0.889455554054777
Contig81540_0_10000	Contig81540	0	10000	0.40257835198326	0.00233664116452368	0.857367858139662
Contig8168_0_3800	Contig8168	0	3800	0.022337321084849	0.00117217327623544	0.778062043124418
Contig81687_0_10000	Contig81687	0	10000	0.555689890195377	0.0668327633515093	0.837089023551232
Contig81737_0_10000	Contig81737	0	10000	0.00326610468438735	0.000623724093941995	0.832285898936459
Contig822_10000_20000	Contig822	10000	20000	0.810315207494884	0.359915374537838	0.942661979395011
Contig8220_0_10000	Contig8220	0	10000	0.256476350681942	0.00182295870108708	0.816116069324096
Contig82230_0_10000	Contig82230	0	10000	0.147208213916616	0.000754013671769644	0.76868040091571
Contig82581_0_8230	Contig82581	0	8230	0.057446110077689	0.000254817728106911	0.838817613783414
Contig82795_0_10000	Contig82795	0	10000	0.0577867130536099	0.000575059515389052	0.772289509991603
Contig82795_10000_17299	Contig82795	10000	17299	0.103269540923213	0.000959985324039864	0.806068095187391
Contig82938_0_7867	Contig82938	0	7867	0.895652733888736	0.677636312257642	0.969388342691198
Contig83_30000_40000	Contig83	30000	40000	0.159304471132459	0.000979118458771748	0.829849892058605
Contig83214_0_1018	Contig83214	0	1018	0.220385607441847	0.000738710884384026	0.886507492967951
Contig83362_0_3743	Contig83362	0	3743	0.34827507863944	0.0013945225509324	0.852510748308346
Contig83967_0_10000	Contig83967	0	10000	0.146338795290282	0.000964085219122766	0.796962324102913
Contig84081_0_7767	Contig84081	0	7767	0.237630141612141	0.00214777045342688	0.840500974785873
Contig84562_0_7741	Contig84562	0	7741	0.287441657142946	0.00160220820998357	0.831686589563661
Contig84850_10000_13869	Contig84850	10000	13869	0.370216069305743	0.00587893055016138	0.847964199177546
Contig84921_0_6213	Contig84921	0	6213	0.511846525723299	0.00232452586311499	0.904314419689204
Contig85152_0_10000	Contig85152	0	10000	0.13653557148242	0.000946524590837744	0.83658146292558
Contig85921_0_7743	Contig85921	0	7743	0.651705768829571	0.0336300533309026	0.941834262049183
Contig86180_0_7214	Contig86180	0	7214	0.415676308267249	0.00252165524309842	0.88233889164797
Contig86196_0_8580	Contig86196	0	8580	0.652544155766491	0.0470189750004821	0.899262166388019
Contig86507_10000_20000	Contig86507	10000	20000	0.0321937142258031	0.000821299021285314	0.88599561095196
Contig87397_0_6567	Contig87397	0	6567	0.0814559480619462	0.000490904146002739	0.820446633720793
Contig87873_0_10000	Contig87873	0	10000	0.0232104555177758	0.000361580510827762	0.735093695817577
Contig881_10000_20000	Contig881	10000	20000	0.186473795635731	0.00045089339149035	0.800945483836419
Contig88110_0_6556	Contig88110	0	6556	0.372813040594252	0.00118063461898042	0.870381257888389
Contig88988_0_9123	Contig88988	0	9123	0.292490576224944	0.000657210736044542	0.839648706026838
Contig89261_0_9243	Contig89261	0	9243	0.742173409539491	0.13744874099091	0.91725842158728
Contig903_10000_20000	Contig903	10000	20000	0.290502519673829	0.000744413063797094	0.859467829289274
Contig918_10000_20000	Contig918	10000	20000	0.439757191050027	0.00315533388179116	0.827376612359414
Contig92189_30000_38517	Contig92189	30000	38517	0.0397661497877605	0.000536435526226752	0.781416779613799
Contig92402_0_2326	Contig92402	0	2326	0.110305983966772	0.000563126478207023	0.820665564817407
Contig92668_0_8437	Contig92668	0	8437	0.232193308552937	0.000835585863961603	0.803821019544349
Contig93503_0_1766	Contig93503	0	1766	0.527405015165901	0.00657722644192143	0.893529336996308
Contig93748_0_3470	Contig93748	0	3470	0.0018583197317332	0.000598601405996461	0.839594618207234
Contig94106_0_2105	Contig94106	0	2105	0.507561871469522	0.015194115301657	0.860944568828401
Contig95963_0_5758	Contig95963	0	5758	0.457010478286534	0.00469227618150543	0.846463850751954
Contig96206_0_6047	Contig96206	0	6047	0.074052654661757	0.000377865760531838	0.795164212381355
Contig975_0_10000	Contig975	0	10000	0.728637318356115	0.13890988507884	0.91662471677611
Contig97731_0_10000	Contig97731	0	10000	0.431671459005458	0.00314442620214287	0.829352649000702
Contig9812_0_10000	Contig9812	0	10000	0.0269594185314851	0.000952589586805397	0.749643365816753
Contig98694_0_8909	Contig98694	0	8909	0.349617501019404	0.00156476712761484	0.822449092165653
Contig99082_10000_17573	Contig99082	10000	17573	0.423489779838877	0.00230653453453209	0.878533500752518
Contig99912_0_10000	Contig99912	0	10000	0.364284534711096	0.00144107082824906	0.857131741370063
