Quant_Varia	contig	start.bin	end.bin	Pst_Values	95 %_LowBoundCI	95 %_UpBoundCI
Contig10074_5000_6000	Contig10074	5000	6000	0.251312849756899	0.00214570355582195	0.863009481132975
Contig100771_1000_1852	Contig100771	1000	1852	0.343114484406881	0.00111307006023539	0.850955450393414
Contig126977_2000_3000	Contig126977	2000	3000	0.626519339856061	0.0239896470704913	0.889621989163649
Contig128060_1000_1680	Contig128060	1000	1680	0.0181025170956455	0.000629207464461675	0.802306928634514
Contig129509_0_1000	Contig129509	0	1000	0.249733513339298	0.0017882133514609	0.820462631346101
Contig132115_1000_1816	Contig132115	1000	1816	0.217461080049376	0.00185076946691456	0.862229509996228
Contig1579_4000_5000	Contig1579	4000	5000	0.654543699594823	0.0326657963238801	0.930048863011862
Contig15977_32000_33000	Contig15977	32000	33000	0.137038228118889	0.00130293113169018	0.832714031361651
Contig168159_0_1000	Contig168159	0	1000	0.647360723381506	0.0152857646114882	0.930845048790219
Contig17225_8000_9000	Contig17225	8000	9000	0.577066251150996	0.00766355459335809	0.923393616744257
Contig17378_1000_2000	Contig17378	1000	2000	0.0849791564920797	0.000897639826398978	0.814341968573435
Contig175939_0_1000	Contig175939	0	1000	0.513206848643159	0.00626409011885353	0.867072747143568
Contig17801_2000_3000	Contig17801	2000	3000	0.0162139661131715	0.000893880467661305	0.772564603979225
Contig17925_9000_10000	Contig17925	9000	10000	0.346069415705635	0.00134167648274248	0.863016223594784
Contig18485_45000_46000	Contig18485	45000	46000	0.311958631558934	0.0017340074111576	0.770031986980053
Contig18493_23000_24000	Contig18493	23000	24000	0.46728664246396	0.00273196351906642	0.846365321266771
Contig1918_8000_9000	Contig1918	8000	9000	0.147170698064003	0.000756646011122515	0.972536085045379
Contig192720_0_1000	Contig192720	0	1000	0.623887380571822	0.028816589632432	0.893785814655183
Contig19869_6000_7000	Contig19869	6000	7000	0.0786862748495923	0.000573884916312346	0.768317284052561
Contig202555_6000_7000	Contig202555	6000	7000	0.00714209202279393	0.000766133752017049	0.787800393095535
Contig20413_1000_2000	Contig20413	1000	2000	0.0207245979022085	0.000580392598508204	0.778914810159967
Contig20656_1000_2000	Contig20656	1000	2000	0.0706647812457417	0.000688163802107117	0.774490058480596
Contig20924_31000_32000	Contig20924	31000	32000	0.00132330565448868	0.000598074945088169	0.723072678518838
Contig20993_11000_12000	Contig20993	11000	12000	0.333331947472239	0.00307180236531298	0.890743414487794
Contig22083_4000_5000	Contig22083	4000	5000	0.0479787037096904	0.000770757358490918	0.793630977900543
Contig23281_8000_9000	Contig23281	8000	9000	0.113074281571035	0.000530150240934725	0.838851680069223
Contig23673_1000_2000	Contig23673	1000	2000	0.539694343277657	0.0114764003905056	0.869517708385835
Contig2393_3000_4000	Contig2393	3000	4000	0.650340679497637	0.0255345463346429	0.900461943900032
Contig24017_15000_16000	Contig24017	15000	16000	0.0110447774863023	0.000333179165748616	0.890902520494001
Contig24520_27000_28000	Contig24520	27000	28000	0.0020462823547173	0.00100171114955875	0.771048344068317
Contig25426_21000_22000	Contig25426	21000	22000	0.447437849290207	0.0037142968771693	0.894868130117531
Contig25896_4000_5000	Contig25896	4000	5000	0.719425054760859	0.124972079782705	0.908800565925268
Contig27552_27000_28000	Contig27552	27000	28000	0.0100400531336599	0.000482705278808379	0.763842711904841
Contig28304_0_1000	Contig28304	0	1000	0.256056871751049	0.00115079756053289	0.804710885732481
Contig30007_25000_26000	Contig30007	25000	26000	0.182839789040958	0.00100969972020429	0.87769953868164
Contig30291_5000_6000	Contig30291	5000	6000	0.594540217751769	0.0216158556055383	0.910675027128939
Contig30980_12000_13000	Contig30980	12000	13000	0.248793303421205	0.00195025266606771	0.724497767542891
Contig33_43000_44000	Contig33	43000	44000	0.0196587007520148	0.000333000333000318	0.755127724603632
Contig34824_24000_25000	Contig34824	24000	25000	0.235121962889275	0.00179447423130638	0.797067570371395
Contig385_10000_11000	Contig385	10000	11000	0.0547090356162286	0.000601048453980496	0.761903274970189
Contig38940_15000_16000	Contig38940	15000	16000	0.241939022112972	0.000795668381332	0.852212319335145
Contig397_12000_13000	Contig397	12000	13000	0.410052977620307	0.0038466807421076	0.817184982282689
Contig40218_5000_6000	Contig40218	5000	6000	0.809515529368402	0.494344461314492	0.968300741414037
Contig406_38000_39000	Contig406	38000	39000	0.0254895265147667	0.000707059480217715	0.805026420115379
Contig42291_0_1000	Contig42291	0	1000	0.142306987234351	0.000875169066751577	0.814884873785141
Contig42553_7000_8000	Contig42553	7000	8000	0.766723076896612	0.237428846157133	0.92345371794208
Contig42870_12000_13000	Contig42870	12000	13000	0.600373257901222	0.00953308821911985	0.88088338223488
Contig43408_10000_11000	Contig43408	10000	11000	0.0936820841212331	0.000416157579106334	0.786685341095564
Contig45217_3000_4000	Contig45217	3000	4000	0.316961683058617	0.00157341061928125	0.905386768658759
Contig459203_3000_4000	Contig459203	3000	4000	0.149823908904179	0.000829348682068087	0.79552157399951
Contig46290_7000_8000	Contig46290	7000	8000	0.00163013940949073	0.000682301381648755	0.757535559972721
Contig46755_5000_6000	Contig46755	5000	6000	0.0847460992978759	0.000462678192382935	0.81729486654564
Contig47819_8000_9000	Contig47819	8000	9000	0.38228172643123	0.00147560506156321	0.820989678522716
Contig49279_27000_28000	Contig49279	27000	28000	0.540030177518151	0.00560165068367934	0.888419389124602
Contig55455_13000_14000	Contig55455	13000	14000	0.187728709844365	0.00080321285140557	0.857504767516147
Contig57354_2000_3000	Contig57354	2000	3000	0.298890884293182	0.00193002408648369	0.799966395559212
Contig57879_8000_9000	Contig57879	8000	9000	0.248918382363858	0.000980615223276421	0.857645724561084
Contig583_11000_12000	Contig583	11000	12000	0.342617610768746	0.00270462946599884	0.842178613671996
Contig60949_5000_6000	Contig60949	5000	6000	0.107319047555969	0.00057889351689976	0.820289516763807
Contig61092_6000_7000	Contig61092	6000	7000	0.0442490235339929	0.000831528396212595	0.777143781821888
Contig61792_3000_4000	Contig61792	3000	4000	0.406061804156635	0.00177537808253079	0.830776015429197
Contig6311_13000_14000	Contig6311	13000	14000	0.392260937895538	0.00298818602231345	0.887413326082064
Contig65553_4000_5000	Contig65553	4000	5000	0.460338357445953	0.0024311645843136	0.927315635940025
Contig66193_20000_21000	Contig66193	20000	21000	0.266426134042378	0.0010312829144571	0.843224776079414
Contig67233_4000_5000	Contig67233	4000	5000	0.0180569176566711	0.000368211691640142	0.766561607374143
Contig68111_1000_2000	Contig68111	1000	2000	0.00708762724555197	0.000602794514269129	0.774812659728075
Contig70740_0_1000	Contig70740	0	1000	0.268080021588027	0.00137364973084137	0.890610360791525
Contig71466_1000_2000	Contig71466	1000	2000	0.100233899956503	0.000454578996289107	0.779495294999209
Contig79113_2000_3000	Contig79113	2000	3000	0.316837412830855	0.00156072199107093	0.864510966592533
Contig81687_2000_3000	Contig81687	2000	3000	0.488969981119807	0.00538255749772977	0.834310947872225
Contig88988_7000_8000	Contig88988	7000	8000	0.380180457339444	0.00241067853838236	0.861177173736625
