Quant_Varia	contig	start.bin	end.bin	Pst_Values	95 %_LowBoundCI	95 %_UpBoundCI
Contig0_70000_80000	Contig0	70000	80000	0.0341397522278473	0.000396798000175218	0.764843503240948
Contig100484_10000_13621	Contig100484	10000	13621	0.0403927503300008	0.000954453702990809	0.717641952582222
Contig10074_0_6621	Contig10074	0	6621	0.361383052656109	0.00364180264596976	0.819959479147377
Contig100771_0_1852	Contig100771	0	1852	0.0181104738506973	0.000780730221212983	0.756678749841899
Contig102229_0_10000	Contig102229	0	10000	0.05933307654344	0.000922723841537247	0.814213248254901
Contig10259_0_9151	Contig10259	0	9151	0.224385744714645	0.00163585661483103	0.756914135721407
Contig102656_0_10000	Contig102656	0	10000	0.615052362194935	0.0747141161823224	0.872073830322296
Contig103017_0_10000	Contig103017	0	10000	0.191184219166792	0.000596307712499193	0.768414999909349
Contig103223_10000_14834	Contig103223	10000	14834	0.169839121533628	0.00153663413017431	0.775849769768165
Contig103756_0_10000	Contig103756	0	10000	0.578159254592246	0.0106194011332547	0.929717024803883
Contig103892_0_2413	Contig103892	0	2413	0.421059860277021	0.00419889152021071	0.866005079352372
Contig104217_0_5491	Contig104217	0	5491	0.0348433263766798	0.000710292765409123	0.759254353623979
Contig106967_0_9126	Contig106967	0	9126	0.102350551523092	0.000889378864777313	0.824217675020591
Contig107120_0_5734	Contig107120	0	5734	0.491621146492775	0.00329102452375175	0.858155164994353
Contig107133_0_1358	Contig107133	0	1358	0.446903556248637	0.00202454573335599	0.883632242652527
Contig107148_0_3905	Contig107148	0	3905	0.350933732019621	0.00187358974170574	0.828990895341721
Contig10738_0_6205	Contig10738	0	6205	0.701343445986197	0.103373637125019	0.927907320784709
Contig107541_0_7324	Contig107541	0	7324	0.27114247827902	0.00104354173135334	0.849833804054849
Contig107698_0_8152	Contig107698	0	8152	0.749850557138739	0.26092964054609	0.925621818518112
Contig108265_0_5968	Contig108265	0	5968	0.380352242450908	0.00275858563112815	0.83346783589998
Contig10835_0_2691	Contig10835	0	2691	0.719310387200059	0.388349514563107	0.914565751345244
Contig1089_0_10000	Contig1089	0	10000	0.654551360359701	0.0236356931308674	0.959765672121393
Contig1091_0_10000	Contig1091	0	10000	0.0020042641352918	0.0007190378348749	0.863597480603862
Contig109285_0_10000	Contig109285	0	10000	0.0505362625765802	0.00150966037641911	0.786482569916116
Contig109827_0_6591	Contig109827	0	6591	0.429037641495222	0.00145436025887877	0.893414162373065
Contig11109_0_3497	Contig11109	0	3497	0.00144000580494763	0.000402972085221143	0.777625893184421
Contig1111_0_10000	Contig1111	0	10000	0.619260738248439	0.0462325744976172	0.884959411458541
Contig111439_0_8482	Contig111439	0	8482	0.0680000424057851	0.000383101821612626	0.770452138645419
Contig112555_0_2036	Contig112555	0	2036	0.600752043036627	0.00907647008288721	0.931920455630594
Contig112833_0_6669	Contig112833	0	6669	0.782369211086515	0.124792579302494	0.952484814635415
Contig113120_0_3309	Contig113120	0	3309	0.632341909296375	0.0184698548558685	0.906172997717863
Contig114539_0_2304	Contig114539	0	2304	0.271001738898009	0.001717454242112	0.770424527833862
Contig115383_0_3618	Contig115383	0	3618	0.498031453145032	0.00683652618094158	0.851725778015691
Contig119258_0_6791	Contig119258	0	6791	0.25728427929613	0.00104435167533727	0.836465077590506
Contig119450_10000_14843	Contig119450	10000	14843	4.90380705698716e-05	0.000461698515551255	0.877509450701837
Contig119588_0_4149	Contig119588	0	4149	0.743784948701538	0.179813296613042	0.927258225445685
Contig120221_0_7268	Contig120221	0	7268	0.20061693995625	0.000557427389970364	0.755752115476773
Contig120378_0_10000	Contig120378	0	10000	0.19748251210218	0.00108424318853259	0.790167313482053
Contig1211_0_7027	Contig1211	0	7027	0.373469969701191	0.00601154891607261	0.789082168062859
Contig121494_10000_20000	Contig121494	10000	20000	0.432384328902006	0.00481246310423729	0.864416805916393
Contig123396_0_7982	Contig123396	0	7982	0.0151058772634953	0.00075529752926499	0.783532009843724
Contig124226_0_10000	Contig124226	0	10000	0.0499489475148583	0.0012366041531725	0.765405645691842
Contig1263_0_10000	Contig1263	0	10000	0.722209018231272	0.0714394999683893	0.937503586918536
Contig126977_0_4061	Contig126977	0	4061	0.0350105894343106	0.000475500691756951	0.757359401911733
Contig127001_0_4911	Contig127001	0	4911	0.423971747069733	0.00346887089331819	0.795623128297448
Contig128060_0_1680	Contig128060	0	1680	1.84422552628344e-05	0.000410481962047163	0.77271541517018
Contig1282_10000_20000	Contig1282	10000	20000	0.0134547336760279	0.000292684836047561	0.751817635143692
Contig1284_10000_20000	Contig1284	10000	20000	0.00102783865085027	0.00108848021777129	0.76872457580802
Contig129028_0_5515	Contig129028	0	5515	0.00862673210114278	0.000518987033682024	0.806089740473658
Contig129509_0_2778	Contig129509	0	2778	0.412937089569635	0.00291718977797034	0.810381203754905
Contig132115_0_1816	Contig132115	0	1816	0.698156540673208	0.0293880809121567	0.928472519572845
Contig132507_0_7546	Contig132507	0	7546	0.358186711285131	0.00155108228332217	0.894126280151125
Contig132845_0_1767	Contig132845	0	1767	0.0168325691567884	0.000791315923210701	0.752128021790943
Contig134176_0_7605	Contig134176	0	7605	0.0140688586910974	0.000404047716268153	0.755997724823343
Contig135695_0_3380	Contig135695	0	3380	0.578450452997581	0.0118080400795152	0.859215137248418
Contig135817_0_6458	Contig135817	0	6458	0.530260770672909	0.00958888017408173	0.893080256219895
Contig137374_0_3087	Contig137374	0	3087	0.15547906104561	0.000610068037768455	0.815444249841584
Contig137426_0_9939	Contig137426	0	9939	0.294173397936136	0.00455189391300302	0.729426936573352
Contig138111_0_10000	Contig138111	0	10000	0.331022823419016	0.0016244706194769	0.879178758164057
Contig138622_0_5679	Contig138622	0	5679	0.140469227851182	0.000615018867139943	0.839878499270319
Contig13988_0_4885	Contig13988	0	4885	0.0564104471745622	0.00019342536073339	0.845139204644521
Contig140004_0_3278	Contig140004	0	3278	0.962028303737659	0.828767660928122	1
Contig141789_0_5154	Contig141789	0	5154	0.727341779952782	0.326954571627573	0.920168312937142
Contig142_40000_48795	Contig142	40000	48795	0.000573407785823847	0.000606902054586111	0.737290808531214
Contig1433_0_10000	Contig1433	0	10000	0.65493667808343	0.058179576151817	0.918638102299342
Contig1438_10000_20000	Contig1438	10000	20000	0.164403261759801	0.00093705820354749	0.849380558677273
Contig144108_0_4108	Contig144108	0	4108	0.0171852793000524	0.000417103704144544	0.760158736118868
Contig145351_0_6147	Contig145351	0	6147	0.143933873139965	0.000660241337160838	0.811885611611009
Contig146058_0_7714	Contig146058	0	7714	0.313572050016692	0.00131555384367984	0.8861881231331
Contig146123_0_3779	Contig146123	0	3779	0.433825780119497	0.00176663534670896	0.827187324513954
Contig1464_0_10000	Contig1464	0	10000	0.288189288335865	0.0015559512297212	0.871932647548991
Contig149134_0_7365	Contig149134	0	7365	0.502650760637269	0.00315149487474823	0.924058054393577
Contig150_30000_40000	Contig150	30000	40000	0.578599841043017	0.00568570345204223	0.908030380042701
Contig150092_0_7711	Contig150092	0	7711	0.177705780837032	0.00119877227937585	0.81692534963159
Contig150483_0_9387	Contig150483	0	9387	0.0815243714410749	0.00043891116428092	0.853270979078363
Contig1519_0_10000	Contig1519	0	10000	0.339079775016936	0.00135738033529293	0.87988363457874
Contig15206_10000_19636	Contig15206	10000	19636	0.310077384156281	0.00149171508643623	0.878740636132337
Contig15292_0_10000	Contig15292	0	10000	0.191160415999652	0.00207257395506046	0.772381438281413
Contig15372_10000_20000	Contig15372	10000	20000	0.673113307782753	0.0335784368284061	0.911898178644518
Contig15404_0_6624	Contig15404	0	6624	0.864704771075979	0.640127430748206	0.960634187743983
Contig154574_0_3483	Contig154574	0	3483	0.0649418737456363	0.000632750535799028	0.823365029881824
Contig154759_0_9666	Contig154759	0	9666	0.234909175488372	0.00103960478197928	0.822673561648255
Contig15595_30000_40000	Contig15595	30000	40000	0.0891161458774911	0.000544214120222726	0.776376862546974
Contig155975_0_2628	Contig155975	0	2628	0.121255074196257	0.000699774397962614	0.824413774721604
Contig1579_0_10000	Contig1579	0	10000	0.767913563896163	0.114776846793487	0.946728200919485
Contig15835_0_10000	Contig15835	0	10000	0.226544953454082	0.000925370958229055	0.83334235306504
Contig15885_0_10000	Contig15885	0	10000	0.335308542588127	0.00150697279867781	0.825432442680494
Contig15885_30000_40000	Contig15885	30000	40000	0.0873581722073231	0.000633487199194191	0.775210725575589
Contig15905_0_10000	Contig15905	0	10000	0.649365981075679	0.0292520031347414	0.929213398376817
Contig15920_30000_40000	Contig15920	30000	40000	0.754069460501217	0.0669456066945606	0.959778161783082
Contig15922_30000_40000	Contig15922	30000	40000	0.104246134475264	0.00129372342108989	0.789174283438041
Contig15977_30000_36911	Contig15977	30000	36911	0.459546830579255	0.00194239244232547	0.920153237349826
Contig1607_0_10000	Contig1607	0	10000	0.251390816718472	0.00187193644397997	0.80790445444259
Contig1608_0_10000	Contig1608	0	10000	0.33510081053566	0.00219640681572486	0.829855272546076
Contig1616_0_10000	Contig1616	0	10000	0.00975616439882792	0.000456022366904863	0.768838887809195
Contig16203_0_10000	Contig16203	0	10000	0.160075755480065	0.000737455515789915	0.774567471156263
Contig16263_10000_20000	Contig16263	10000	20000	0.322949179433797	0.00137715806539014	0.851744349978022
Contig16446_10000_20000	Contig16446	10000	20000	0.641278464130484	0.0249897902604998	0.923703652162256
Contig167447_0_3302	Contig167447	0	3302	0.667724755942937	0.0628066786248262	0.908607524700899
Contig167545_0_4437	Contig167545	0	4437	0.379092902269386	0.00235625586858856	0.820380974552477
Contig168159_0_6295	Contig168159	0	6295	0.0347792509049314	0.000773949669994779	0.840128932406034
Contig168959_0_1015	Contig168959	0	1015	0.746343447545477	0.150786950611498	0.938985446406633
Contig16916_20000_30000	Contig16916	20000	30000	0.035405084626243	0.000729234436170621	0.774951741947408
Contig16934_10000_20000	Contig16934	10000	20000	0.627194806582803	0.0135245256728973	0.896063733531436
Contig16958_10000_20000	Contig16958	10000	20000	0.77791502012239	0.42637276177123	0.940871336586315
Contig17022_0_5225	Contig17022	0	5225	0.535167289909245	0.00618605846268549	0.893212269846793
Contig17057_0_10000	Contig17057	0	10000	0.00092947562230062	0.00092947562230062	0.727272727272727
Contig17057_40000_44033	Contig17057	40000	44033	0.000788503072605539	0.00089081093968309	0.790235919799162
Contig17195_0_10000	Contig17195	0	10000	0.0308470401242523	0.00115187983764572	0.843955878364527
Contig17225_0_10000	Contig17225	0	10000	0.740001548976235	0.122595483378216	0.944958541295932
Contig17244_0_10000	Contig17244	0	10000	0.00899744295780352	0.000663381393243488	0.750370035717192
Contig17267_10000_20000	Contig17267	10000	20000	0.188991876445387	0.000631628175762611	0.882439652795199
Contig17286_20000_30000	Contig17286	20000	30000	0.364993650620734	0.00299561959091381	0.870550004132684
Contig17345_20000_30000	Contig17345	20000	30000	0.570466780525355	0.0100814511896255	0.864153006674555
Contig17345_30000_40000	Contig17345	30000	40000	0.481591542579115	0.00547511543506951	0.83015240164671
Contig17345_50000_60000	Contig17345	50000	60000	0.0237879187030098	0.00023091972321511	0.769847865009059
Contig173481_0_1885	Contig173481	0	1885	0.0619449877705883	0.000854188054587281	0.785944796821923
Contig1736_20000_24637	Contig1736	20000	24637	0.315728045274788	0.00187449400848623	0.895851848918645
Contig17378_0_10000	Contig17378	0	10000	0.212559269082277	0.00188642955412587	0.80649657609314
Contig17378_20000_27377	Contig17378	20000	27377	0.652450818528203	0.120504308115226	0.8720101040042
Contig17471_10000_20000	Contig17471	10000	20000	0.720250034804266	0.121751296962131	0.915935713620746
Contig17554_0_10000	Contig17554	0	10000	0.130490502349735	0.000783418521015571	0.839354292336372
Contig175939_0_1096	Contig175939	0	1096	0.0436616254453746	0.000872339199454459	0.79701166718962
Contig17633_50000_60000	Contig17633	50000	60000	0.507220545519305	0.00449971952978308	0.873824232867998
Contig17801_0_5238	Contig17801	0	5238	0.27926651915823	0.00468804895819532	0.805554798223182
Contig17831_10000_17136	Contig17831	10000	17136	0.035683021392102	0.000663794062612005	0.818115208734816
Contig17925_0_10000	Contig17925	0	10000	0.211088103879863	0.000467921434035276	0.851548938170979
Contig17965_20000_28071	Contig17965	20000	28071	0.528523650470574	0.014753767685791	0.848315837196244
Contig18086_0_10000	Contig18086	0	10000	0.0372097778094174	0.000526366433739911	0.842027380053835
Contig18103_0_10000	Contig18103	0	10000	0.129174587874356	0.00093945721789983	0.847522314781966
Contig18132_0_10000	Contig18132	0	10000	0.00464775005649995	0.000617539156620654	0.750514681807597
Contig18146_20000_30000	Contig18146	20000	30000	0.02722002580417	0.000433197479670589	0.76506650278098
Contig1817_0_10000	Contig1817	0	10000	0.00161218541100558	0.000846880646327142	0.763664579294072
Contig1828_0_10000	Contig1828	0	10000	0.00381865130575957	0.000509598807490284	0.746106414419414
Contig18485_40000_50000	Contig18485	40000	50000	0.326469006560593	0.0011618366994262	0.86398277314251
Contig18485_50000_59534	Contig18485	50000	59534	0.237989635324935	0.001006535861151	0.814910635988818
Contig18493_20000_30000	Contig18493	20000	30000	0.366950482406052	0.00206994808545461	0.816592586052891
Contig18609_10000_20000	Contig18609	10000	20000	0.180810681381555	0.00124291654138612	0.813227570112039
Contig18718_0_10000	Contig18718	0	10000	0.0476421318086501	0.000296204783939384	0.787354732399788
Contig18830_0_10000	Contig18830	0	10000	0.137398513235138	0.000807328860830975	0.839391640271804
Contig188364_0_2870	Contig188364	0	2870	0.505291949836626	0.00726608566694954	0.885435371718774
Contig1888_0_10000	Contig1888	0	10000	0.160723374199913	0.000954263713855499	0.768198718180222
Contig18968_50000_53080	Contig18968	50000	53080	0.584027594500539	0.0150601401342733	0.904693283957981
Contig18997_50000_60000	Contig18997	50000	60000	0.607396642350592	0.0348647019100929	0.879244084530553
Contig19011_0_10000	Contig19011	0	10000	0.00330493156644421	0.000687280973749958	0.820509632564511
Contig19129_0_10000	Contig19129	0	10000	0.772652916920834	0.335610568135107	0.936060172109091
Contig1918_0_10000	Contig1918	0	10000	0.566356550448663	0.00961639519791621	0.919077829180414
Contig19208_20000_30000	Contig19208	20000	30000	0.0135515196656423	0.000370422462407531	0.775155674761338
Contig1921_0_10000	Contig1921	0	10000	0.00419684005128919	0.000660997496453063	0.838427012136033
Contig19211_0_8631	Contig19211	0	8631	0.00178065745783603	0.000754642220452093	0.805344586064942
Contig19248_0_10000	Contig19248	0	10000	2.05251267598223e-05	0.000587472575270305	0.792096025419101
Contig192720_0_1283	Contig192720	0	1283	0.0306485136208239	0.000417627306165788	0.782403437149639
Contig1932_0_10000	Contig1932	0	10000	0.779825675778089	0.322903754084773	0.933263945264792
Contig1932_10000_20000	Contig1932	10000	20000	0.780960231083354	0.27329697407558	0.926406446043395
Contig194_40000_50000	Contig194	40000	50000	0.117915356138869	0.000558231061378087	0.81057423823139
Contig194642_10000_15476	Contig194642	10000	15476	0.55482402840439	0.00880686404794283	0.877128685516285
Contig19496_0_10000	Contig19496	0	10000	0.515634969082139	0.00335176649464237	0.932318106061281
Contig1956_10000_20000	Contig1956	10000	20000	0.367572833762666	0.000895744742031335	0.853101840818037
Contig196009_0_10000	Contig196009	0	10000	0.424999291343726	0.00417412954249131	0.855616790920763
Contig19662_0_9127	Contig19662	0	9127	0.186500866416438	0.000655899721850926	0.788328553981667
Contig1971_0_10000	Contig1971	0	10000	0.138797601085183	0.000788130192373577	0.759609266640371
Contig19719_0_4745	Contig19719	0	4745	0.142192171843032	0.000806931357227582	0.752787304487345
Contig19785_0_10000	Contig19785	0	10000	0.497529138434008	0.00737654754811519	0.892399884885292
Contig19869_0_10000	Contig19869	0	10000	0.0549923106948741	0.000366689943597248	0.761454367338219
Contig19997_0_8585	Contig19997	0	8585	0.416725424873319	0.00301581405092891	0.864417988280943
Contig20004_0_10000	Contig20004	0	10000	0.115948853869669	0.00118894705566769	0.77788554194583
Contig20037_50000_60000	Contig20037	50000	60000	0.183403891509449	0.00103741275260258	0.787461464763023
Contig20052_0_5523	Contig20052	0	5523	0.319472687679448	0.000773169793050104	0.83084055310903
Contig200997_0_6595	Contig200997	0	6595	0.0632336595360111	0.000714007957017333	0.770326171085253
Contig202555_0_9557	Contig202555	0	9557	0.175463739319451	0.000845058786641791	0.892312738501943
Contig2029_10000_20000	Contig2029	10000	20000	0.144342273295112	0.000880330259960796	0.931696668854375
Contig20297_10000_20000	Contig20297	10000	20000	0.474166318025354	0.00879874096207525	0.848642137887979
Contig20388_30000_34074	Contig20388	30000	34074	0.155006901667115	0.000979343059048523	0.822676820849925
Contig20413_0_10000	Contig20413	0	10000	0.179823381465612	0.000738438883208828	0.796587587502895
Contig20472_20000_30000	Contig20472	20000	30000	0.0226227896568583	0.000625300605481102	0.767956411962028
Contig20509_20000_30000	Contig20509	20000	30000	0.247104943430421	0.00155350100169903	0.779389722766742
Contig205490_0_2658	Contig205490	0	2658	0.411284226886912	0.0029783081179273	0.922561757773626
Contig20556_0_1339	Contig20556	0	1339	0.465714196345918	0.00185302087629673	0.890390097919005
Contig20595_10000_20000	Contig20595	10000	20000	0.00231898526409395	0.000776494887021135	0.811806553942447
Contig20605_10000_20000	Contig20605	10000	20000	0.151344137883536	0.000341040555480252	0.863041833923114
Contig20656_0_10000	Contig20656	0	10000	0.223482886115287	0.00130680818719619	0.768165543030446
Contig206988_0_7475	Contig206988	0	7475	0.0752255069167213	0.000477424438952272	0.776769357491087
Contig20866_10000_17967	Contig20866	10000	17967	0.171162802611513	0.000792708325043816	0.763560280960601
Contig20924_30000_40000	Contig20924	30000	40000	0.0256191646877436	0.000446292887838337	0.741447132278291
Contig209775_0_6124	Contig209775	0	6124	0.140384181726977	0.00120283262111892	0.79097195987663
Contig20993_10000_13425	Contig20993	10000	13425	0.0132846864013175	0.000624806714973597	0.77564762004007
Contig212848_0_8840	Contig212848	0	8840	0.47855625965334	0.00162337340185293	0.892452422619653
Contig212964_0_5455	Contig212964	0	5455	0.531332680392037	0.0082403159168207	0.888811454275037
Contig21389_0_10000	Contig21389	0	10000	0.0425261040692561	0.000398538256191228	0.803844313691614
Contig21579_0_10000	Contig21579	0	10000	0.812846089780084	0.267365245879497	0.969293121182874
Contig215949_0_1176	Contig215949	0	1176	0.658008397963054	0.0305241124176019	0.907897541749379
Contig21645_0_10000	Contig21645	0	10000	0.179124850700056	0.00158782099782956	0.803105772276847
Contig21658_30000_40000	Contig21658	30000	40000	0.160706042067536	0.000759614237872302	0.819369326196309
Contig21683_10000_20000	Contig21683	10000	20000	0.812014024658721	0.531611477150532	0.940236316215311
Contig217_10000_20000	Contig217	10000	20000	0.000863998844217156	0.000755129883342003	0.747880514455414
Contig217_20000_30000	Contig217	20000	30000	0.006529682098929	0.000213807667176175	0.79521828397368
Contig217099_0_4244	Contig217099	0	4244	0.393769944378526	0.00423025117407915	0.850252002731568
Contig21725_70000_75257	Contig21725	70000	75257	0.0451006842407721	0.000593709366930209	0.80067350902406
Contig217684_0_1513	Contig217684	0	1513	0.229610567886843	0.00142256028189915	0.864024936684143
Contig21801_10000_20000	Contig21801	10000	20000	0.20187587596182	0.000790662942560448	0.824105713136217
Contig21828_0_10000	Contig21828	0	10000	0.889142856821736	0.723011197082196	0.968669480446532
Contig21828_40000_50000	Contig21828	40000	50000	0.787088944002585	0.308567920309313	0.969972765864565
Contig218704_0_1520	Contig218704	0	1520	0.449518326297516	0.00387467221614511	0.907062557882655
Contig219004_0_10000	Contig219004	0	10000	0.344681718703029	0.000835302352381605	0.868153903303129
Contig22083_0_9410	Contig22083	0	9410	0.0984135080030543	0.00110781800049748	0.781154472677621
Contig22211_0_10000	Contig22211	0	10000	0.68024262032198	0.0355109211701791	0.934502432189482
Contig22383_10000_20000	Contig22383	10000	20000	0.00128734039763815	0.000579944648261275	0.762926163856016
Contig22402_20000_30000	Contig22402	20000	30000	0.199268496352831	0.00157419882607758	0.838581780119155
Contig22514_50000_60000	Contig22514	50000	60000	0.0269030734965479	0.000830132947021209	0.807656809261133
Contig2254_0_10000	Contig2254	0	10000	0.384752496862767	0.00336909825839015	0.882878890708209
Contig22638_0_10000	Contig22638	0	10000	0.654047276960355	0.036557125943468	0.908750057807122
Contig22654_0_10000	Contig22654	0	10000	0.0697704695220629	0.000596561429102521	0.767474883886528
Contig23006_0_10000	Contig23006	0	10000	0.625723775629944	0.0182971252010851	0.903479512894891
Contig23078_30000_37383	Contig23078	30000	37383	0.339246215275903	0.00236498239138591	0.788227121884324
Contig23157_0_7936	Contig23157	0	7936	0.0517988001177124	0.00074069139600402	0.782665456837351
Contig232_10000_20000	Contig232	10000	20000	0.740469848468283	0.189837778230573	0.910924749141922
Contig23281_0_10000	Contig23281	0	10000	0.00370110908979101	0.000874150056617782	0.742381916587425
Contig23392_0_10000	Contig23392	0	10000	0.292344110119653	0.00165353049250131	0.861244449922136
Contig23499_10000_20000	Contig23499	10000	20000	0.720861987103362	0.0902089898194325	0.921253480757714
Contig23519_0_10000	Contig23519	0	10000	0.00129582670858321	0.000506322480624862	0.737488929592291
Contig23584_10000_20000	Contig23584	10000	20000	0.364460394031185	0.00128531946093865	0.888154443206014
Contig23628_0_9074	Contig23628	0	9074	0.0736887000131665	0.000677426692220991	0.873335595857003
Contig23673_0_7859	Contig23673	0	7859	0.104357572836457	0.000471271428274091	0.81397094462438
Contig23688_20000_30000	Contig23688	20000	30000	7.86565723309962e-05	0.000536879754108198	0.765430026538966
Contig2374_0_10000	Contig2374	0	10000	0.105689172120336	0.000656726484663996	0.778260525431099
Contig23813_20000_30000	Contig23813	20000	30000	0.427844135147877	0.00845538275705853	0.829378002071733
Contig2393_0_10000	Contig2393	0	10000	0.28377361587926	0.00154772253478879	0.838957365948229
Contig24017_10000_20000	Contig24017	10000	20000	0.0879982037319185	0.000466449469759121	0.77242620129637
Contig24093_10000_20000	Contig24093	10000	20000	0.0391090037740206	0.000950979561745304	0.785703022271508
Contig24095_20000_30000	Contig24095	20000	30000	0.00744443536004596	0.000308803229326764	0.80239896412566
Contig24130_0_10000	Contig24130	0	10000	0.340989332539386	0.00183233320132604	0.880499794245038
Contig24175_0_10000	Contig24175	0	10000	0.687678792226338	0.0805413887169161	0.91761791626853
Contig24215_0_10000	Contig24215	0	10000	0.0092139720212947	0.000537680826991592	0.795473492442632
Contig24241_30000_34516	Contig24241	30000	34516	0.599863708335839	0.011786420629065	0.929692264503451
Contig24326_0_10000	Contig24326	0	10000	0.154419663055511	0.00093061044339642	0.812938754101548
Contig24326_20000_30000	Contig24326	20000	30000	0.471015439198638	0.00218298848297173	0.905655610938921
Contig24349_0_10000	Contig24349	0	10000	0.247343507044861	0.00142145670444227	0.821300509958895
Contig24520_0_10000	Contig24520	0	10000	0.342418018637464	0.00278373619813546	0.826910986130772
Contig24520_20000_30000	Contig24520	20000	30000	0.360190387178646	0.00133553872437312	0.858085782892729
Contig2453_0_10000	Contig2453	0	10000	0.224013534014536	0.000841156418909652	0.820636696113073
Contig24629_0_10000	Contig24629	0	10000	0.545030494122235	0.00642779821553615	0.853031277545393
Contig24654_0_10000	Contig24654	0	10000	5.05996686275444e-05	0.000593252518522204	0.759380968041955
Contig24673_0_9515	Contig24673	0	9515	0.202793691891096	0.000565244966083127	0.874161061031414
Contig2468_0_10000	Contig2468	0	10000	0.941649714668611	0.89278683534694	0.983209550037962
Contig24692_0_9995	Contig24692	0	9995	0.318836369719069	0.00307362188173149	0.855050597568174
Contig24693_10000_20000	Contig24693	10000	20000	0.613035903625509	0.00876609095792139	0.939942322427882
Contig247_10000_20000	Contig247	10000	20000	0.289719813051915	0.00164633772959521	0.813351186784447
Contig24722_0_10000	Contig24722	0	10000	0.192487853519221	0.000519331376964005	0.832414807554782
Contig24745_30000_40000	Contig24745	30000	40000	0.0751625429195387	0.00069822246677266	0.766247674109922
Contig24781_40000_50000	Contig24781	40000	50000	0.121663563004345	0.0021515497882068	0.79837067209776
Contig2485_0_10000	Contig2485	0	10000	0.468224171475879	0.00519545891722317	0.863136863136863
Contig249_0_10000	Contig249	0	10000	0.00344813606507804	0.000834795960605031	0.789067969357875
Contig25015_10000_20000	Contig25015	10000	20000	0.102556286821841	0.000615156041228532	0.853932451949386
Contig25062_10000_20000	Contig25062	10000	20000	0.064966552761371	0.000719994288509744	0.73714488860676
Contig25118_20000_25682	Contig25118	20000	25682	0.00403273901197161	0.000511230017838297	0.773236527537468
Contig25204_10000_20000	Contig25204	10000	20000	0.758283642227492	0.203244171154164	0.922373700719193
Contig25228_20000_27996	Contig25228	20000	27996	0.707694183490943	0.0918503634740623	0.928458480020373
Contig25254_0_6217	Contig25254	0	6217	0.250330538910858	0.000874042715594536	0.831683166036249
Contig25354_0_10000	Contig25354	0	10000	0.351603055872114	0.00204290015387277	0.822699210749387
Contig25426_20000_30000	Contig25426	20000	30000	0.110979648494908	0.000829604338423804	0.757842047098622
Contig25472_20000_27591	Contig25472	20000	27591	0.0763402019606409	0.00112727522426846	0.779063770600908
Contig25477_10000_20000	Contig25477	10000	20000	0.111629350066716	0.000282889092614828	0.828804563436972
Contig25896_0_10000	Contig25896	0	10000	0.729233557954283	0.0758280602094863	0.936989758838788
Contig25997_10000_20000	Contig25997	10000	20000	0.746234843675883	0.224611266606867	0.924532495867689
Contig26005_0_10000	Contig26005	0	10000	0.344389737204139	0.000655882634848126	0.840559262813855
Contig26070_50000_60000	Contig26070	50000	60000	0.366096113677441	0.0145355691131109	0.740661055368914
Contig26107_0_10000	Contig26107	0	10000	0.47917138177169	0.00282273071501781	0.8763573331653
Contig26458_0_10000	Contig26458	0	10000	0.626384653179023	0.00887891183273144	0.95395044832504
Contig26603_10000_20000	Contig26603	10000	20000	0.636848195694325	0.0251538474016717	0.896811382273436
Contig26689_0_10000	Contig26689	0	10000	0.609828784533643	0.0551916330784376	0.890445729389879
Contig26766_0_10000	Contig26766	0	10000	0.0832493226495127	0.000955975344717617	0.810977934821786
Contig2679_0_10000	Contig2679	0	10000	1	1	1
Contig26798_0_10000	Contig26798	0	10000	0.63369580758003	0.0240044168599548	0.888681851297749
Contig26821_0_10000	Contig26821	0	10000	0.334593038496475	0.000898976493328039	0.847842913096394
Contig26826_40000_50000	Contig26826	40000	50000	0.0364281818528671	0.000499921428034515	0.782569706953087
Contig26837_0_10000	Contig26837	0	10000	0.477112954458868	0.00276907982231905	0.855810283939322
Contig26863_20000_30000	Contig26863	20000	30000	0.265364632775921	0.00120070470485235	0.923043509737204
Contig26949_0_10000	Contig26949	0	10000	0.020876152207382	0.000173387484460498	0.758486314471227
Contig27088_20000_30000	Contig27088	20000	30000	0.00110662879845433	0.000530418099647252	0.725286443666848
Contig27145_0_10000	Contig27145	0	10000	0.191405502890897	0.000871674119525938	0.736231877431867
Contig27264_0_6027	Contig27264	0	6027	0.72159284907808	0.0856985890662558	0.940034109514234
Contig27401_10000_15488	Contig27401	10000	15488	0.471015423460032	0.0104524553312758	0.860611925230116
Contig27413_0_2951	Contig27413	0	2951	0.738459816164216	0.21681612034315	0.906986282897802
Contig27496_10000_20000	Contig27496	10000	20000	0.631961572794655	0.0468413651469579	0.87987535053534
Contig27552_20000_30000	Contig27552	20000	30000	0.428760155474022	0.00212807152549494	0.907378110529129
Contig27602_0_10000	Contig27602	0	10000	0.157488765556765	0.000645728114591665	0.818720472766358
Contig27758_0_10000	Contig27758	0	10000	0.0963703139883123	0.000621179322399544	0.799724307587389
Contig27784_0_10000	Contig27784	0	10000	0.0573781618383715	0.000651870562951316	0.777641878669276
Contig27836_0_10000	Contig27836	0	10000	0.468433109856396	0.00341898652492034	0.847382271547689
Contig27879_10000_20000	Contig27879	10000	20000	0.129786043158908	0.000660729260920371	0.807167306490164
Contig27880_0_6027	Contig27880	0	6027	0.0170538158592885	0.000717858891401293	0.768785545659058
Contig28023_0_5983	Contig28023	0	5983	0.0323031052375024	0.000530054995912354	0.775534619303663
Contig281_0_10000	Contig281	0	10000	0.70920334148647	0.0724345035145556	0.924732852803102
Contig2817_0_10000	Contig2817	0	10000	0.259494908539302	0.00190761979108944	0.80638874109335
Contig2818_0_10000	Contig2818	0	10000	0.0133438376020797	0.000561653137827474	0.765789340059853
Contig282_30000_40000	Contig282	30000	40000	0.402183358639314	0.00145422780377832	0.835251793386253
Contig28304_0_1099	Contig28304	0	1099	0.409620631706087	0.00332603226960974	0.862584587034225
Contig28318_50000_60000	Contig28318	50000	60000	0.0747082915642952	0.000629617397550589	0.765213251328161
Contig28355_20000_26482	Contig28355	20000	26482	0.00616084331622766	0.000494270382142864	0.778437186409998
Contig28358_30000_40000	Contig28358	30000	40000	0.169663863776602	0.000943317216737062	0.784052299387851
Contig2848_20000_26283	Contig2848	20000	26283	0.13688490528726	0.00117882913386388	0.788601819416895
Contig28523_20000_30000	Contig28523	20000	30000	0.813682524526796	0.378803181462426	0.946318570770985
Contig28540_20000_28933	Contig28540	20000	28933	0.312027813225107	0.00112183792443073	0.840547567306631
Contig28574_0_5147	Contig28574	0	5147	0.0358628402313022	0.000481857573242905	0.760164125907468
Contig28642_0_10000	Contig28642	0	10000	0.625948002537888	0.0292439551412588	0.89823284809229
Contig28867_0_10000	Contig28867	0	10000	0.555597956870735	0.0108505828378257	0.900832889045159
Contig28902_0_10000	Contig28902	0	10000	0.374545495980395	0.00200077332993592	0.859392500658275
Contig2898_0_10000	Contig2898	0	10000	0.519830681585783	0.00258193049184994	0.890238418651934
Contig2900_0_10000	Contig2900	0	10000	0.000618947271710996	0.00035228460230175	0.827237521092428
Contig29051_0_7685	Contig29051	0	7685	0.00977910076962794	0.00021597915201548	0.768677961640544
Contig29104_0_2785	Contig29104	0	2785	0.301617513630265	0.00191205630209812	0.81053993688517
Contig29106_0_6590	Contig29106	0	6590	0.0189766697192918	0.000325361418387541	0.787363304981774
Contig29138_0_10000	Contig29138	0	10000	0.435604735458923	0.00166402760696678	0.857723613231955
Contig29300_10000_20000	Contig29300	10000	20000	0.236072052486843	0.00178813620106952	0.808467652727798
Contig29571_0_10000	Contig29571	0	10000	0.0516554284990509	0.000714628075430883	0.756497126683249
Contig29641_0_6595	Contig29641	0	6595	0.175913930889	0.000985836965639848	0.825440937501081
Contig29651_0_10000	Contig29651	0	10000	0.00567665101261286	0.00088593171899514	0.778429065074458
Contig29713_10000_12220	Contig29713	10000	12220	0.460101733244087	0.00304254032035431	0.879951192197793
Contig2973_0_10000	Contig2973	0	10000	0.664010900893575	0.427291314334755	0.90725207304798
Contig29738_10000_20000	Contig29738	10000	20000	0.0299143172636534	0.00100679922539265	0.781001066707374
Contig29931_20000_30000	Contig29931	20000	30000	0.49162918527982	0.00189066096227425	0.937811542592418
Contig3_10000_20000	Contig3	10000	20000	0.558267300088187	0.0115211418767149	0.904067897122212
Contig30007_20000_30000	Contig30007	20000	30000	0.00278410669225988	0.000599595215482012	0.742637053087401
Contig30012_20000_30000	Contig30012	20000	30000	0.675145970767773	0.0945985112248118	0.904436621016425
Contig30091_0_10000	Contig30091	0	10000	0.0852527194989468	0.000594930954313391	0.78084628026922
Contig30163_0_10000	Contig30163	0	10000	0.24457627880044	0.00116779891135974	0.868445983013699
Contig30210_0_4807	Contig30210	0	4807	0.289655217337414	0.000786946477061989	0.84100433495946
Contig30261_0_2393	Contig30261	0	2393	0.000573072447588975	0.000952751905801016	0.778765587374949
Contig30291_0_8786	Contig30291	0	8786	0.35337729106171	0.00314075211550922	0.861451359454611
Contig30370_0_5533	Contig30370	0	5533	0.00304333940748814	0.000350866383494842	0.767362192463407
Contig30563_0_10000	Contig30563	0	10000	0.0015197465937375	0.000552992067926493	0.778236553936681
Contig30769_0_4657	Contig30769	0	4657	0.166978098836197	0.000673802014680364	0.858039584073099
Contig308_10000_20000	Contig308	10000	20000	0.514669820687477	0.00793993384325537	0.902992980072833
Contig308978_0_1151	Contig308978	0	1151	0.548973341875581	0.00780459619991743	0.893220128084661
Contig3092_0_10000	Contig3092	0	10000	0.133952668890121	0.000850241005957613	0.759073565617717
Contig30980_0_10000	Contig30980	0	10000	0.0226159436631198	0.000890138518246861	0.74844087518808
Contig30980_10000_20000	Contig30980	10000	20000	0.0347636198256704	0.000755062319034131	0.810520293161714
Contig30983_10000_20000	Contig30983	10000	20000	0.225796861420585	0.00182460868797929	0.856972807101481
Contig3105_10000_20000	Contig3105	10000	20000	0.117598518177971	0.00065586672788089	0.77026047248751
Contig31093_0_9713	Contig31093	0	9713	0.00223078034345844	0.000234824151900773	0.779741347944443
Contig31124_0_8878	Contig31124	0	8878	0.171271588490373	0.000881028234373695	0.830425620837176
Contig31158_0_6774	Contig31158	0	6774	0.186869479832983	0.00117125305477101	0.797527889000965
Contig31196_10000_20000	Contig31196	10000	20000	0.423510408383309	0.00178604891669809	0.878748156788451
Contig31394_20000_30000	Contig31394	20000	30000	0.265520575208971	0.00109618460344158	0.839143968709944
Contig31495_20000_30000	Contig31495	20000	30000	0.00146297046170795	0.000380747806874283	0.773344251988344
Contig31515_20000_25724	Contig31515	20000	25724	0.594086318704045	0.0130110036271419	0.900953626334957
Contig317_30000_34625	Contig317	30000	34625	0.0725758339570908	0.000916643063100951	0.794239184201079
Contig31821_10000_18346	Contig31821	10000	18346	0.378676200504071	0.00245143364600886	0.854306283584271
Contig31971_30000_40000	Contig31971	30000	40000	0.588134952269316	0.0265534057628586	0.894066833835568
Contig32048_0_8004	Contig32048	0	8004	0.327922418879157	0.0029311927925049	0.852648134835082
Contig3206_10000_19408	Contig3206	10000	19408	0.571283377278538	0.0119467991178786	0.929677349937685
Contig32198_0_10000	Contig32198	0	10000	0.0901387739491302	0.000594664410670974	0.82791856405755
Contig32237_0_1484	Contig32237	0	1484	0.217122685422146	0.000956245269122423	0.784441717025333
Contig322676_0_2453	Contig322676	0	2453	0.606468635965136	0.020085831110276	0.881077951430036
Contig3229_10000_20000	Contig3229	10000	20000	0.00135712299751114	0.000241692097592925	0.776598317017748
Contig32371_0_6660	Contig32371	0	6660	0.106474380742198	0.000894147213489603	0.751685763234992
Contig32435_10000_20000	Contig32435	10000	20000	0.639081607116813	0.045728093228335	0.897694537997678
Contig32474_0_3498	Contig32474	0	3498	0.04653257747617	0.000378107387120712	0.746686091855565
Contig3252_0_10000	Contig3252	0	10000	0.257182260365334	0.00144925060866104	0.907691543602984
Contig32526_10000_20000	Contig32526	10000	20000	0.134285263247115	0.00149629413416822	0.797605703152924
Contig32566_0_10000	Contig32566	0	10000	0.051824973557599	0.00081964337798361	0.790687929182329
Contig32566_10000_20000	Contig32566	10000	20000	0.636183004443888	0.0537865065536602	0.909704273689443
Contig32578_0_10000	Contig32578	0	10000	0.0276962550179996	0.000615787245506657	0.736874791195592
Contig32850_10000_17965	Contig32850	10000	17965	0.392620725591703	0.00175390697178647	0.844010650722321
Contig32910_10000_19377	Contig32910	10000	19377	0.290881705464682	0.0023429547473885	0.779822307521386
Contig3292_0_10000	Contig3292	0	10000	0.175279746443258	0.00186211352277452	0.803688674995522
Contig32950_0_6370	Contig32950	0	6370	0.479099113106858	0.00505042644368118	0.864626532223687
Contig33_40000_50000	Contig33	40000	50000	0.839089576562985	0.4817631906301	0.952245100914054
Contig33153_40000_50000	Contig33153	40000	50000	0.221612177528293	0.00308172694955093	0.780214018651425
Contig33157_10000_19827	Contig33157	10000	19827	0.185289875763828	0.000853743294219306	0.824144625735109
Contig33165_0_10000	Contig33165	0	10000	0.00191444720023404	0.000516508317000648	0.779992521040356
Contig3320_0_10000	Contig3320	0	10000	0.584164857899526	0.033195020746888	0.891860289614709
Contig33234_0_5937	Contig33234	0	5937	0.646551415554002	0.0508583493268133	0.900272253021127
Contig33284_0_10000	Contig33284	0	10000	0.234072669021802	0.00121080313498258	0.811586271793831
Contig33410_0_6874	Contig33410	0	6874	0.15748284834715	0.00106371203726	0.82561774258782
Contig33432_0_10000	Contig33432	0	10000	0.614594534975442	0.00970439662774935	0.889234316138759
Contig33432_10000_20000	Contig33432	10000	20000	0.236318977493616	0.00132433569842636	0.779641698128987
Contig33523_10000_16394	Contig33523	10000	16394	0.649567846998005	0.0507182458011718	0.88973780686792
Contig33555_10000_20000	Contig33555	10000	20000	0.243357027246451	0.000660174055702659	0.8607553418169
Contig33644_20000_30000	Contig33644	20000	30000	0.385849471935893	0.00120219400405741	0.841292858618677
Contig33745_0_10000	Contig33745	0	10000	0.125879470317511	0.00056397030765284	0.885986032012686
Contig33761_0_6123	Contig33761	0	6123	0.0510456881061158	0.000894371370831374	0.764415152641178
Contig33775_10000_20000	Contig33775	10000	20000	0.135246731850733	0.000391139426516178	0.833654561507225
Contig33816_0_10000	Contig33816	0	10000	0.648164280508967	0.0381632686530161	0.89157407610136
Contig34055_0_10000	Contig34055	0	10000	0.21310269939533	0.00105667352647173	0.780707205981644
Contig34057_0_10000	Contig34057	0	10000	0.879830542508468	0.559626298680245	0.974793923055819
Contig341_0_10000	Contig341	0	10000	0.0187438049132016	0.000743700339125379	0.880134022689435
Contig34298_20000_30000	Contig34298	20000	30000	0.0391601427050312	0.000514986883147172	0.780379158056337
Contig343_20000_30000	Contig343	20000	30000	0.35470206628093	0.00226779737664195	0.87120201118477
Contig3441_0_7746	Contig3441	0	7746	0.160611809553867	0.000748387957055185	0.81742026573716
Contig34452_10000_16969	Contig34452	10000	16969	0.339193741777789	0.0014094451974137	0.814374631999582
Contig34464_0_10000	Contig34464	0	10000	1	1	1
Contig34592_0_10000	Contig34592	0	10000	0.334552194635396	0.00118421043501604	0.856000441722047
Contig34689_10000_20000	Contig34689	10000	20000	0.503894811840143	0.00591445222628626	0.867860175879172
Contig34727_0_3967	Contig34727	0	3967	0.179608212737784	0.000519454626199459	0.813863595158931
Contig34824_20000_28682	Contig34824	20000	28682	0.447730138589709	0.00983847264297753	0.845220435279057
Contig34949_0_10000	Contig34949	0	10000	0.758765810641569	0.111687352557237	0.962076484506344
Contig34958_0_10000	Contig34958	0	10000	0.0773385840329482	0.000436296775299386	0.745474495619235
Contig34988_10000_20000	Contig34988	10000	20000	0.353380353728154	0.00138749641879377	0.83326262694893
Contig35205_10000_20000	Contig35205	10000	20000	0.0584405610808208	0.00030263836384656	0.836452407234499
Contig35423_0_10000	Contig35423	0	10000	0.0241527375048591	0.00051468388995854	0.864046438362529
Contig35529_0_4894	Contig35529	0	4894	0.180860235629289	0.000719036060808403	0.83083528860634
Contig35720_0_7300	Contig35720	0	7300	0.645805031890712	0.0214551471865495	0.939375382285169
Contig35790_0_10000	Contig35790	0	10000	0.388394208304002	0.00348556893547637	0.858253994099084
Contig35844_10000_20000	Contig35844	10000	20000	0.750983348260955	0.0689381158715759	0.954471985272757
Contig35850_0_10000	Contig35850	0	10000	0.112889865904701	0.000852196233455599	0.788292890073825
Contig35991_10000_14558	Contig35991	10000	14558	0.21109497253234	0.00124192164984586	0.833552150283377
Contig36056_0_10000	Contig36056	0	10000	0.555063951463401	0.00373101878288302	0.912491962953911
Contig36121_0_8639	Contig36121	0	8639	0.434959679494679	0.00305553919897958	0.85234543449417
Contig36326_20000_26838	Contig36326	20000	26838	0.587445462601909	0.00719065476356245	0.899362162226721
Contig36467_10000_20000	Contig36467	10000	20000	0.00922632211141642	0.000284134729338739	0.762812027250043
Contig3648_0_7374	Contig3648	0	7374	0.0275504046440826	0.000326142500670414	0.714197442439772
Contig36482_0_10000	Contig36482	0	10000	0.634972981634082	0.0406076915693889	0.909947327946677
Contig36636_0_10000	Contig36636	0	10000	0.0290639672529832	0.00053485059547267	0.805789516816857
Contig36689_30000_40000	Contig36689	30000	40000	0.468519918077048	0.00579047325608462	0.883357508864866
Contig36744_10000_20000	Contig36744	10000	20000	0.153794291553597	0.000730068642981419	0.89233750897073
Contig36904_0_10000	Contig36904	0	10000	0.612115700353989	0.0191595021640174	0.906523086217359
Contig36904_10000_13588	Contig36904	10000	13588	0.168653829088221	0.00131489284401206	0.839433149008397
Contig36913_0_5671	Contig36913	0	5671	0.893837287642493	0.774709498518829	0.956471674943899
Contig369276_0_4682	Contig369276	0	4682	0.820798948960048	0.380541892506872	0.93927234805826
Contig36958_20000_30000	Contig36958	20000	30000	0.424568872986041	0.0028284197682076	0.893811343875863
Contig37091_0_7639	Contig37091	0	7639	0.00604725789586623	0.000709330044789863	0.765597270306284
Contig37114_0_10000	Contig37114	0	10000	0.00777770664076836	0.000350105089605022	0.757992894855784
Contig37182_0_10000	Contig37182	0	10000	0.634814980260083	0.0113405860027987	0.947156802008536
Contig37183_0_8654	Contig37183	0	8654	0.614489162539723	0.0152161806279288	0.893015504906819
Contig372_10000_20000	Contig372	10000	20000	0.241498212267016	0.000773956263179111	0.864453288161774
Contig37208_10000_20000	Contig37208	10000	20000	0.581524113444901	0.0052047601382854	0.923017630666463
Contig37230_0_10000	Contig37230	0	10000	0.555868279916921	0.0117674197641402	0.877466327893554
Contig37241_10000_20000	Contig37241	10000	20000	0.332423973859383	0.00104842821394547	0.86993279382394
Contig37309_0_10000	Contig37309	0	10000	0.300758831214477	0.0021702816982984	0.833575314366632
Contig37557_0_10000	Contig37557	0	10000	0.37287047045134	0.00255843942332779	0.913006453422029
Contig37578_10000_20000	Contig37578	10000	20000	0.0421265262643091	0.00136460921648362	0.864332801259513
Contig37656_30000_39752	Contig37656	30000	39752	0.614943830932556	0.0385372069236505	0.895333083953839
Contig37709_0_10000	Contig37709	0	10000	0.581354261315536	0.00971223387004538	0.921873239630715
Contig37754_20000_23219	Contig37754	20000	23219	0.0244520893034889	0.000796002299903737	0.803458117152123
Contig3780_0_10000	Contig3780	0	10000	0.30764084799078	0.00162262495868727	0.759300863449279
Contig37981_10000_20000	Contig37981	10000	20000	0.826210325722984	0.430354134699204	0.951054630438407
Contig38_60000_70000	Contig38	60000	70000	0.0142624885336231	0.000674575544088463	0.798863436539842
Contig38020_10000_20000	Contig38020	10000	20000	0.209868057480135	0.00079206632886142	0.869150908123616
Contig38070_0_8409	Contig38070	0	8409	8.42469552736802e-05	0.000480513488973451	0.751057287879332
Contig38210_0_10000	Contig38210	0	10000	0.647782012250929	0.0484486520139607	0.880984555567885
Contig38214_10000_20000	Contig38214	10000	20000	0.359906830963331	0.00251802318380262	0.842915621901092
Contig383070_0_7696	Contig383070	0	7696	0.674981848789218	0.0241924169696102	0.916488466261585
Contig384_10000_20000	Contig384	10000	20000	0.15605278301332	0.000902895099583547	0.856334319886725
Contig385_0_10000	Contig385	0	10000	0.122823119443814	0.000706524020096928	0.863377001597172
Contig385_10000_11533	Contig385	10000	11533	0.0056912321109427	0.000522778778179187	0.778210682017126
Contig38502_0_5365	Contig38502	0	5365	0.0644739290826142	0.00102389376228262	0.762181665631821
Contig38898_0_4576	Contig38898	0	4576	0.42096271955188	0.00126279610675931	0.890515724152844
Contig38940_10000_20000	Contig38940	10000	20000	0.0213135754320984	0.000272763723451037	0.755021854511889
Contig38953_20000_23227	Contig38953	20000	23227	0.0861030290032594	0.00102064632427773	0.829492513224116
Contig38995_0_10000	Contig38995	0	10000	0.00298346047351255	0.000588655323265685	0.753183671534011
Contig39116_0_10000	Contig39116	0	10000	0.386451515912685	0.00242891757790984	0.88187200515633
Contig3917_0_10000	Contig3917	0	10000	0.449134625812527	0.00492524178154464	0.853899356218574
Contig39197_0_3831	Contig39197	0	3831	0.15992472842952	0.000491921226900702	0.791849508354206
Contig39372_0_5208	Contig39372	0	5208	0.0730674788790917	0.00117081927407605	0.781403135635075
Contig3946_0_10000	Contig3946	0	10000	0.785244912207519	0.27130210302964	0.928403454303691
Contig39581_0_10000	Contig39581	0	10000	0.0936910401997238	0.000602339803611394	0.786569112187661
Contig3962_0_10000	Contig3962	0	10000	0.804868584234156	0.287979289397094	0.942512446262142
Contig3964_0_10000	Contig3964	0	10000	0.0391758740594075	0.000729720996385158	0.746290106948721
Contig397_10000_20000	Contig397	10000	20000	0.0774369648458006	0.000403403321948954	0.878450943388034
Contig39720_0_10000	Contig39720	0	10000	0.405541356906841	0.00494714434509364	0.80450522928399
Contig39792_0_10000	Contig39792	0	10000	0.365415805142198	0.00279578623875705	0.82460028678429
Contig39793_10000_15459	Contig39793	10000	15459	0.275442722072379	0.00109325113896168	0.85644136448134
Contig39810_0_10000	Contig39810	0	10000	0.57442061165991	0.00751056506039278	0.858397337293911
Contig40150_0_10000	Contig40150	0	10000	0.00425607994931265	0.000512604266330784	0.752584536431728
Contig40218_0_6323	Contig40218	0	6323	0.0731806694553806	0.00137068681616503	0.777131781960712
Contig4027_0_7498	Contig4027	0	7498	0.691684417655188	0.0326407723186167	0.937867892166705
Contig40426_10000_20000	Contig40426	10000	20000	0.790838085904713	0.247745945212865	0.952310660700123
Contig40456_0_10000	Contig40456	0	10000	0.873463350635429	0.655575212363839	0.955873880335476
Contig405_20000_30000	Contig405	20000	30000	0.12914068769081	0.000700607322533161	0.802700313537189
Contig406_30000_40000	Contig406	30000	40000	0.0387953492471593	0.000721010468222927	0.835193682044891
Contig40610_0_10000	Contig40610	0	10000	0.434670569118101	0.00137180714065926	0.868048205666065
Contig40674_10000_20000	Contig40674	10000	20000	0.394716802587464	0.00331517726510202	0.831269157246621
Contig40754_0_10000	Contig40754	0	10000	0.260517489924672	0.00136423236737013	0.851626208594447
Contig408_20000_28522	Contig408	20000	28522	0.336104176605409	0.00685137408549478	0.765678885689747
Contig4083_0_10000	Contig4083	0	10000	0.79477002194376	0.332581232288027	0.95064721944583
Contig40979_0_10000	Contig40979	0	10000	0.0209271791636241	0.000480250723697468	0.828707938397723
Contig41076_0_10000	Contig41076	0	10000	1.08358421754153e-05	0.000580889704053091	0.794272376007034
Contig412716_0_6481	Contig412716	0	6481	0.0562160848155509	0.0010958919081519	0.827969993710405
Contig41417_0_6110	Contig41417	0	6110	0.315098468271335	0.00320333146472339	NA
Contig41893_0_10000	Contig41893	0	10000	0.124746230335877	0.00151205440661706	0.815533159083242
Contig41965_0_10000	Contig41965	0	10000	0.203240710074945	0.000470662898396435	0.831697298400742
Contig4205_0_5155	Contig4205	0	5155	0.000926463483019926	0.000242058649691846	0.815498874908937
Contig42159_0_10000	Contig42159	0	10000	0.33926717242783	0.0010809120824133	0.894955371507551
Contig42291_0_10000	Contig42291	0	10000	0.412892729423839	0.00301194798745404	0.805449144059405
Contig42447_10000_12364	Contig42447	10000	12364	0.0646111540283022	0.000438318229933691	0.749198258293292
Contig42553_0_10000	Contig42553	0	10000	0.674265327263601	0.0638226850418844	0.902420412213447
Contig42610_10000_20000	Contig42610	10000	20000	0.0276684156110071	0.000858892891344662	0.779714850031916
Contig42660_0_9502	Contig42660	0	9502	0.782404291045227	0.104554140088899	0.95927738996656
Contig42692_0_10000	Contig42692	0	10000	0.0994770902106755	0.000612816006174822	0.799354773595752
Contig42700_0_10000	Contig42700	0	10000	0.0341032702666997	0.000493586439637208	0.745738066580467
Contig42731_10000_16362	Contig42731	10000	16362	0.606181616912892	0.00729696918273648	0.936853093984783
Contig42870_10000_20000	Contig42870	10000	20000	0.422892670642313	0.00341715331825836	0.906778486923606
Contig42901_20000_25182	Contig42901	20000	25182	0.225	1.43545113906648e-31	NA
Contig43024_0_7892	Contig43024	0	7892	0.0217247509459138	0.000453811675673815	0.80862983889109
Contig43197_0_10000	Contig43197	0	10000	0.623957420682767	0.00864170777687521	0.914036886641218
Contig43246_0_10000	Contig43246	0	10000	0.554299099224097	0.00534085924465242	0.875945586442712
Contig43387_0_5140	Contig43387	0	5140	0.199805004420715	0.00140171926615143	0.81637664773474
Contig43403_10000_19773	Contig43403	10000	19773	0.686697908195615	0.037462449246085	0.944388349360964
Contig43408_10000_20000	Contig43408	10000	20000	0.107999944049781	0.000862265093830862	0.781435169809986
Contig435_0_10000	Contig435	0	10000	0.702870140176221	0.0841439977327458	0.930408933186702
Contig43532_0_10000	Contig43532	0	10000	0.421928144352273	0.00314558888602539	0.896411707343293
Contig43574_0_9884	Contig43574	0	9884	0.58965575529549	0.00674082367815557	0.895571838314865
Contig43601_0_6595	Contig43601	0	6595	0.53950050999942	0.0158403036836223	0.849532618195378
Contig43737_0_10000	Contig43737	0	10000	0.501854723413925	0.0151927283309676	0.829325702465361
Contig43955_20000_26613	Contig43955	20000	26613	0.153760587780197	0.000838489002864179	0.812431093693511
Contig44002_20000_30000	Contig44002	20000	30000	0.251703324256235	0.00145713175014851	0.84608059152626
Contig44123_10000_20000	Contig44123	10000	20000	0.664819711727232	0.0265209578967492	0.910232001720663
Contig44171_0_10000	Contig44171	0	10000	0.400118189699937	0.00165894303119691	0.86474027058627
Contig44312_0_10000	Contig44312	0	10000	0.34796133652134	0.000783820597227861	0.875279593225689
Contig44353_0_8351	Contig44353	0	8351	0.178648476848512	0.000721655492626758	0.800598621393608
Contig44432_0_10000	Contig44432	0	10000	1	1	1
Contig44514_0_10000	Contig44514	0	10000	0.547390384016523	0.0102587676909115	0.919654497750555
Contig44671_0_10000	Contig44671	0	10000	0.102657604441339	0.000573533715860635	0.768040225422916
Contig4520_0_4224	Contig4520	0	4224	0.568880967818775	0.0113393414553414	0.870658993722194
Contig45201_0_4467	Contig45201	0	4467	0.207515906647514	0.0016374401268938	0.796296339878953
Contig45217_0_5849	Contig45217	0	5849	0.156044731944568	0.000517637531145931	0.857616547315961
Contig45294_0_10000	Contig45294	0	10000	0.455550399593081	0.00453865037682022	0.847450225087111
Contig453247_0_1313	Contig453247	0	1313	0.456838543469066	0.0066725675767686	0.85735620001927
Contig45462_10000_19292	Contig45462	10000	19292	0.0082002379141558	0.000655367626518549	0.763273129225053
Contig4549_0_8717	Contig4549	0	8717	0.241629101826533	0.00113156573336069	0.848817947777984
Contig45621_0_10000	Contig45621	0	10000	0.315117877974694	0.00207658184995409	0.855746751580594
Contig45855_0_5013	Contig45855	0	5013	0.000213327872855545	0.000860881436823128	0.794207779413177
Contig45873_0_10000	Contig45873	0	10000	0.0886349141507827	0.00113874646494943	0.827228281310179
Contig459203_0_4096	Contig459203	0	4096	0.0173768616681213	0.000824313249186511	0.771841532506285
Contig45945_10000_20000	Contig45945	10000	20000	0.790509231238358	0.33399040379369	0.934038538373481
Contig45964_0_10000	Contig45964	0	10000	0.354246302508232	0.00106639237387631	0.888053391232927
Contig46203_0_10000	Contig46203	0	10000	0.0239105583499175	0.000343729270386658	0.784447465636679
Contig46290_0_10000	Contig46290	0	10000	0.0177569619526592	0.000805908809342375	0.756133221183211
Contig46376_0_10000	Contig46376	0	10000	0.186780102089909	0.000566528236142844	0.826058262295671
Contig46599_0_10000	Contig46599	0	10000	0.0339704954075195	0.000453066511259985	0.748788861885065
Contig46726_0_10000	Contig46726	0	10000	0.0772413426763057	0.000711082509167305	0.765769447282222
Contig46746_0_10000	Contig46746	0	10000	0.0862013493338798	0.00136177265940964	0.805116161502533
Contig46755_0_10000	Contig46755	0	10000	0.481760615456538	0.0020051529010024	0.86583250717642
Contig46799_0_10000	Contig46799	0	10000	0.216991599302584	0.00148017673310192	0.810526783532182
Contig46919_10000_20000	Contig46919	10000	20000	0.616318085678705	0.020694819875629	0.925911338826561
Contig47007_20000_30000	Contig47007	20000	30000	0.274112716246319	0.00244848345963286	0.819879201851419
Contig47057_20000_30000	Contig47057	20000	30000	0.721906400971077	0.15836983393697	0.916283531665388
Contig470690_0_1460	Contig470690	0	1460	0.602055769434953	0.0141281555606824	0.87470766333749
Contig47243_0_10000	Contig47243	0	10000	0.623411019864542	0.031010373902842	0.909146831592705
Contig47538_10000_12334	Contig47538	10000	12334	0.689121733137561	0.0659487683016461	0.926988256662243
Contig47556_20000_26352	Contig47556	20000	26352	0.281105475718037	0.00163903413528963	0.771069888676153
Contig47777_0_10000	Contig47777	0	10000	0.03520858569783	0.000405855683859704	0.758224173892708
Contig47813_0_10000	Contig47813	0	10000	0.69746415564539	0.0618907268314264	0.936844865037445
Contig47819_0_10000	Contig47819	0	10000	0.306871011103351	0.00295519337802422	0.846233706559333
Contig47895_10000_18264	Contig47895	10000	18264	0.322605410091639	0.00129144634205816	0.806155662547456
Contig47920_10000_16680	Contig47920	10000	16680	0.453270913411558	0.00330000469284757	0.858353443974138
Contig47976_0_10000	Contig47976	0	10000	0.00827902602163224	0.000149102845820354	0.748082081600878
Contig47990_0_9164	Contig47990	0	9164	0.295531893955471	0.00189269849952224	0.91823070132193
Contig48014_0_10000	Contig48014	0	10000	0.685236195119662	0.0472568202135848	0.93932986021496
Contig48059_0_10000	Contig48059	0	10000	0.0432516181731801	0.000440476416877765	0.783143272293194
Contig48270_0_10000	Contig48270	0	10000	0.0586819142536189	0.000419651384413951	0.773455377574371
Contig48445_0_6654	Contig48445	0	6654	0.348430549374164	0.00133418500946693	0.872455548061173
Contig48578_10000_15236	Contig48578	10000	15236	0.00390824922232075	0.000359378926741082	0.799711028762307
Contig485898_0_9517	Contig485898	0	9517	0.360869262755871	0.00174711026518246	0.826743406012048
Contig48644_0_1232	Contig48644	0	1232	0.539064745539717	0.00326605791206967	0.906849693956564
Contig48819_0_6475	Contig48819	0	6475	0.0139305307571062	0.00038825059262343	0.810189574151977
Contig489_30000_40000	Contig489	30000	40000	0.024143709635648	0.000394281256864316	0.775153126366083
Contig48921_0_10000	Contig48921	0	10000	0.0101103773531247	0.00123356338845314	0.74999649410768
Contig49054_0_10000	Contig49054	0	10000	0.49545153674336	0.00433033874459859	0.893972198050709
Contig49209_0_10000	Contig49209	0	10000	0.85532984780024	0.56120037894043	0.952397115720534
Contig49227_10000_20000	Contig49227	10000	20000	0.6039951690399	0.0159927392211011	0.878366001392584
Contig49279_20000_29761	Contig49279	20000	29761	0.0059523848205606	0.000703963666535231	0.767643183021787
Contig49380_0_9655	Contig49380	0	9655	0.694260852653307	0.0490150384564321	0.944086627307472
Contig49393_0_1909	Contig49393	0	1909	0.0419772243399067	0.000338629064820664	0.860604614277735
Contig49399_0_10000	Contig49399	0	10000	0.935982047280419	0.853458166944816	0.976451239982686
Contig494383_0_1778	Contig494383	0	1778	0.0650676071107648	0.000418081636090856	0.764029955219853
Contig49860_10000_20000	Contig49860	10000	20000	0.03793336450911	0.000712271992679922	0.760857627276781
Contig49934_0_10000	Contig49934	0	10000	0.114751504437857	0.000729491916138639	0.808822945417904
Contig49995_0_10000	Contig49995	0	10000	0.302457003088842	0.000896663028675619	0.841168071381595
Contig50000_20000_30000	Contig50000	20000	30000	0.0161074151693853	0.000424878229980929	0.774464835005488
Contig50177_0_9685	Contig50177	0	9685	0.108594789854371	0.00104367716703117	0.821066122020905
Contig50387_20000_27695	Contig50387	20000	27695	0.650700657078806	0.0145147035084655	0.935948359995441
Contig50654_10000_20000	Contig50654	10000	20000	0.0215810763087632	0.000840640174841915	0.825824635731723
Contig50657_0_10000	Contig50657	0	10000	0.09513844791894	0.000713652342818779	0.854400069080136
Contig50663_10000_20000	Contig50663	10000	20000	0.392531622757313	0.0030332645327205	0.850093354802453
Contig50949_10000_20000	Contig50949	10000	20000	0.0177130571225853	0.000864965968212739	0.776347150273963
Contig50988_0_3658	Contig50988	0	3658	0.322312172843353	0.00236660165078205	0.780144027717265
Contig51028_10000_20000	Contig51028	10000	20000	0.00399937301742321	0.000642122340467791	0.743277715992581
Contig51058_0_10000	Contig51058	0	10000	0.241545893719807	0.000757862826828328	NA
Contig5107_0_9626	Contig5107	0	9626	0.595790623838075	0.0122138721008002	0.90361766570708
Contig51105_0_10000	Contig51105	0	10000	0.557168668745295	0.00838719367422665	0.876074449239955
Contig51200_0_10000	Contig51200	0	10000	0.903605157978738	0.761783889199066	0.967725392620723
Contig51234_0_3322	Contig51234	0	3322	0.443522155521759	0.00272405285627707	0.891449168458981
Contig51282_0_5056	Contig51282	0	5056	0.020257077861836	0.000331263719183428	0.790230809899136
Contig515_10000_20000	Contig515	10000	20000	0.233566163562883	0.000507791089526166	0.927612835262726
Contig51525_0_7638	Contig51525	0	7638	0.0683256000717331	0.000240640282809779	0.830272443950212
Contig51721_10000_17611	Contig51721	10000	17611	0.225097833495712	0.00114405765945328	0.806158719849089
Contig51789_0_8921	Contig51789	0	8921	0.0109152011782696	0.000447232249392035	0.817578148999412
Contig5182_10000_14467	Contig5182	10000	14467	0.483521483835983	0.00678559328796009	0.882875991196549
Contig52011_0_10000	Contig52011	0	10000	0.336443148310668	0.00219126865039251	0.923131321136601
Contig52148_0_10000	Contig52148	0	10000	0.722798175373736	0.0745448560666961	0.946355781613357
Contig52273_0_10000	Contig52273	0	10000	0.00629421680397971	0.00124186435089324	0.793733897272619
Contig5229_0_9543	Contig5229	0	9543	0.561884483401765	0.008016555859098	0.903765237943895
Contig52334_0_6995	Contig52334	0	6995	0.167507853090013	0.000713522980269365	0.856196206051096
Contig52354_10000_14845	Contig52354	10000	14845	0.341114953290893	0.00127009112571203	0.88882266172519
Contig52768_0_10000	Contig52768	0	10000	7.1621516632087e-05	0.000492838789258752	0.730563617783934
Contig52789_0_10000	Contig52789	0	10000	0.0173503663072949	0.000465127696485492	0.792792335453686
Contig52798_0_8783	Contig52798	0	8783	0.538845941473325	0.00424489975471137	0.895672187285966
Contig530572_0_2005	Contig530572	0	2005	0.78358618546624	0.187634505916975	0.947013176257173
Contig53089_0_10000	Contig53089	0	10000	0.0738600549582626	0.000529559016053444	0.892339409711467
Contig53092_0_9946	Contig53092	0	9946	0.104226378660569	0.000849588878523001	0.79986609556542
Contig53472_10000_20000	Contig53472	10000	20000	0.215719469843922	0.00161728265737075	0.882361129856586
Contig53479_10000_20000	Contig53479	10000	20000	0.637820178199595	0.0386340389590017	0.90380882599842
Contig53609_0_7879	Contig53609	0	7879	0.0744866435014738	0.00108521663637103	0.765679160243129
Contig53754_10000_20000	Contig53754	10000	20000	0.000301528984485663	0.000350644714306532	0.798597407404509
Contig53868_20000_26346	Contig53868	20000	26346	0.043392005276897	0.000471169939540175	0.7344103589838
Contig54103_10000_20000	Contig54103	10000	20000	0.0686295337872069	0.000582888409484155	0.766996521406878
Contig54225_0_3315	Contig54225	0	3315	0.296953462614962	0.00106725527179416	0.908994727386614
Contig54281_10000_20000	Contig54281	10000	20000	0.608375871231422	0.0210355374660209	0.906587973302007
Contig54311_10000_20000	Contig54311	10000	20000	0.00686583608716966	0.000661298394903641	0.75575026781754
Contig54386_10000_20000	Contig54386	10000	20000	0.686909909126195	0.0855286026811908	0.902018158957991
Contig54443_0_7725	Contig54443	0	7725	0.224220323979618	0.000875426765619378	0.802925862433068
Contig54624_10000_20000	Contig54624	10000	20000	0.66179812277419	0.0330153537568635	0.936308907949192
Contig54642_0_10000	Contig54642	0	10000	0.377568210816588	0.00148610249378114	0.83244837644882
Contig55084_0_10000	Contig55084	0	10000	0.610115853803622	0.017893636732146	0.882966412935452
Contig55240_0_3044	Contig55240	0	3044	0.0766843484694793	0.000476833293976898	0.822731872763076
Contig55334_0_10000	Contig55334	0	10000	0.121338562002141	0.000770234854794426	0.813536798181343
Contig55455_10000_15001	Contig55455	10000	15001	0.172665700354541	0.000750089308410442	0.768442450200473
Contig55493_0_10000	Contig55493	0	10000	0.738038129786311	0.0721075891843996	0.933650367907159
Contig55515_0_10000	Contig55515	0	10000	0.6237947723897	0.0252435617490349	0.885776162771172
Contig55576_0_10000	Contig55576	0	10000	0.0180746003248795	0.00116988916554769	0.826043889603908
Contig55585_0_4806	Contig55585	0	4806	0.675581067635762	0.0422200704017897	0.910262299640209
Contig55629_0_10000	Contig55629	0	10000	0.141734110077852	0.000577261612986481	0.761305140985175
Contig55831_0_10000	Contig55831	0	10000	0.227624503128183	0.00152213639006859	0.856051973542621
Contig56_10000_20000	Contig56	10000	20000	0.403160690114418	0.00291010993748657	0.854658156043964
Contig56169_0_9218	Contig56169	0	9218	0.0612351298789033	0.000777128721227321	0.841350849728537
Contig56178_0_5887	Contig56178	0	5887	0.097474001582509	0.000579264870778646	0.845608690030212
Contig56229_0_10000	Contig56229	0	10000	0.194072025512999	0.000692078757002939	0.797005540140992
Contig56336_0_5473	Contig56336	0	5473	0.0608772642379422	0.000318825136942566	0.796306967791823
Contig56370_0_10000	Contig56370	0	10000	0.309534129470739	0.000886500688073294	0.80180824843628
Contig56449_0_9643	Contig56449	0	9643	0.118274112367114	0.000802914063586925	0.807458478980053
Contig56657_0_7570	Contig56657	0	7570	0.27059970230467	0.00135472721529134	0.808833062979718
Contig56698_0_10000	Contig56698	0	10000	0.457183981033661	0.00373993864901522	0.858620244273419
Contig57004_0_10000	Contig57004	0	10000	0.0252554966358789	0.000500139849623493	0.742019975869979
Contig57054_10000_12589	Contig57054	10000	12589	0.910595327711959	0.709201405963348	0.985035692454855
Contig57122_0_7311	Contig57122	0	7311	0.0636590028588999	0.00105448975348464	0.759397729111374
Contig57138_10000_13869	Contig57138	10000	13869	0.453943614135449	0.0029629182248157	0.880991766231509
Contig57247_0_8776	Contig57247	0	8776	0.325057427969048	0.00210173072956993	0.867068657685245
Contig57354_0_7298	Contig57354	0	7298	0.0803187268872582	0.000568404353753749	0.793952746389684
Contig57375_0_10000	Contig57375	0	10000	0.537901330456967	0.00385046770535008	0.893487731456992
Contig57534_0_10000	Contig57534	0	10000	0.031615657806446	0.00059498650173987	0.804828974510541
Contig57717_10000_20000	Contig57717	10000	20000	0.109278869672473	0.000369156609645231	0.815359575650122
Contig57742_0_10000	Contig57742	0	10000	0.341112847832027	0.00116168384440651	0.806551941202766
Contig57879_0_10000	Contig57879	0	10000	0.414422703616852	0.00153309207098135	0.893166984506015
Contig58188_10000_19272	Contig58188	10000	19272	0.0402643789441691	0.000270861090357846	0.881810591344847
Contig583_10000_20000	Contig583	10000	20000	0.766989979903159	0.139026935826303	0.954796627965668
Contig584089_10000_12488	Contig584089	10000	12488	0.0948304468830138	0.000968301699224295	0.825801257962424
Contig58591_10000_20000	Contig58591	10000	20000	0.00518398778923845	0.000211712184226602	0.832051157384294
Contig58782_0_7003	Contig58782	0	7003	0.404582415868643	0.00217354067787989	0.83528870811687
Contig58864_0_4963	Contig58864	0	4963	0.193007614831529	0.000950662597646931	0.825669882832288
Contig58929_0_10000	Contig58929	0	10000	0.0017185220868057	0.000655729190522014	0.742364920592529
Contig59181_0_8372	Contig59181	0	8372	0.412003094929003	0.00432194999327456	0.834500687127682
Contig59222_0_10000	Contig59222	0	10000	0.130949854569608	0.00299570778826283	0.863472448480952
Contig59454_0_10000	Contig59454	0	10000	0.651261842309499	0.117763276985526	0.874713254863092
Contig59673_0_10000	Contig59673	0	10000	0.020955418250033	0.000717360907210173	0.783198313242706
Contig59862_0_10000	Contig59862	0	10000	3.11084434910943e-05	0.0010592041531735	0.736544193762803
Contig59976_0_9566	Contig59976	0	9566	0.04490022172949	0.00082542302930254	0.755724192071176
Contig60108_0_10000	Contig60108	0	10000	0.395915136065159	0.0014960026345971	0.879445446262293
Contig6021_0_10000	Contig6021	0	10000	0.538782703067961	0.00413301626228782	0.882304679880009
Contig60215_0_3141	Contig60215	0	3141	0.708074533744674	0.0844650728657317	0.924820837753123
Contig60216_0_10000	Contig60216	0	10000	0.000279492664593566	0.000390890105870332	0.747708744846834
Contig60293_0_10000	Contig60293	0	10000	0.162512135802704	0.000613174674784622	0.78441120333792
Contig60392_0_7556	Contig60392	0	7556	0.00129827275986833	0.000432153143257235	0.787572511229865
Contig60490_0_10000	Contig60490	0	10000	0.117657775921569	0.000423416260057754	0.783472806893358
Contig60537_0_10000	Contig60537	0	10000	0.199461989492766	0.00119367345851617	0.835418015351363
Contig60694_10000_19593	Contig60694	10000	19593	0.225641467013155	0.00167759401622818	0.811454975534044
Contig60781_0_10000	Contig60781	0	10000	0.563412637842159	0.0112174969761043	0.880061149060134
Contig60851_0_2159	Contig60851	0	2159	0.237274011477053	0.000831794825139121	0.791169348148755
Contig60949_0_6134	Contig60949	0	6134	0.0989782679317081	0.00140638537095271	0.746196307859395
Contig61035_0_10000	Contig61035	0	10000	0.0362435810672201	0.000655178582232042	0.782788453604481
Contig61046_0_10000	Contig61046	0	10000	0.408769002775886	0.00331498695545884	0.900193428823259
Contig61092_0_8628	Contig61092	0	8628	0.0890779523930161	0.000887892380321071	0.838754462967713
Contig611_10000_20000	Contig611	10000	20000	0.00331611919565115	0.000927103557419746	0.766407952013255
Contig61127_10000_18093	Contig61127	10000	18093	0.0379990106800343	0.000801925345838158	0.758355219577394
Contig61200_0_10000	Contig61200	0	10000	0.349780194894252	0.00218382569796608	0.780927259527192
Contig61234_0_5428	Contig61234	0	5428	0.000866324877867223	0.000548694610370284	0.809093944188302
Contig61467_20000_27111	Contig61467	20000	27111	0.284259337055599	0.00334685299367113	0.761256834524189
Contig61494_0_7631	Contig61494	0	7631	0.467728193730465	0.00269215843605846	0.889009678707517
Contig61792_0_4835	Contig61792	0	4835	0.0202270640073548	0.000489870968087345	0.853057452449106
Contig61940_20000_30000	Contig61940	20000	30000	0.265080838260529	0.00138918311301134	0.848421028982773
Contig62033_0_9495	Contig62033	0	9495	0.796430002909599	0.339645516905031	0.949194595615514
Contig62165_0_3669	Contig62165	0	3669	0.0275909833781073	0.00077460820047181	0.75296066584553
Contig62320_0_10000	Contig62320	0	10000	0.292172374149807	0.000640405145968724	0.837173692405516
Contig62371_10000_20000	Contig62371	10000	20000	0.661381341788392	0.0345605534227247	0.911346543475204
Contig62372_0_10000	Contig62372	0	10000	0.362181394243721	0.000727065961492911	0.842896273047139
Contig6242_0_10000	Contig6242	0	10000	0.428002121794572	0.0023862690328691	0.890124429523448
Contig62585_10000_17738	Contig62585	10000	17738	0.0957349887961125	0.000513018539804064	0.757582704315493
Contig62739_0_10000	Contig62739	0	10000	0.117274223293026	0.000964821096569686	0.751993723743588
Contig62982_0_10000	Contig62982	0	10000	0.00248959638997079	0.000504338129841667	0.782008595555537
Contig630_20000_30000	Contig630	20000	30000	0.122794253983315	0.000186276107760729	0.779478860387306
Contig6311_10000_18376	Contig6311	10000	18376	0.0200335138554137	0.000703624833168754	0.779622575390292
Contig63317_20000_22517	Contig63317	20000	22517	0.797760200290371	0.284438405660447	0.94211873329539
Contig6332_0_4304	Contig6332	0	4304	0.36157795312933	0.00162129511185103	0.869402386631479
Contig63442_0_7381	Contig63442	0	7381	0.710499070730863	0.0764039739505662	0.924392810403118
Contig63674_10000_20000	Contig63674	10000	20000	0.0346285209736334	0.000361493176419921	0.851735406994962
Contig63954_10000_20000	Contig63954	10000	20000	0.212243051960588	0.000905428917903514	0.804870980151544
Contig63974_20000_30000	Contig63974	20000	30000	0.112354868118458	0.000659336246466011	0.811039608264648
Contig64271_0_6968	Contig64271	0	6968	0.211184440282708	0.00120660011578314	0.801108513738232
Contig64364_0_10000	Contig64364	0	10000	0.0102841286988628	0.000879741318698854	0.826111774693663
Contig64489_0_10000	Contig64489	0	10000	0.126581847265668	0.000247588968719052	0.829458057285889
Contig64495_0_10000	Contig64495	0	10000	0.167614955921793	0.000610404048483307	0.820664807895083
Contig64507_0_4296	Contig64507	0	4296	0.423202807436309	0.0018073949873148	0.788400488079926
Contig64885_0_10000	Contig64885	0	10000	0.440838307510872	0.00289830109357458	0.829735284479433
Contig64981_0_10000	Contig64981	0	10000	0.759325863452824	0.231118202308005	0.94115221892565
Contig650_0_10000	Contig650	0	10000	0.10404269781242	0.000517177930343601	0.784487817358431
Contig65116_0_10000	Contig65116	0	10000	0.827671894485498	0.428060145145433	0.948351709476644
Contig65296_0_5019	Contig65296	0	5019	0.0847748876345288	0.000806084501648703	0.785338221439666
Contig653_0_10000	Contig653	0	10000	0.0880663878371247	0.000756234700392701	0.790275703096423
Contig65397_0_10000	Contig65397	0	10000	0.0298487989804407	0.000490576356315132	0.758172522296287
Contig65553_0_6399	Contig65553	0	6399	0.168867382834748	0.00131803842213688	0.803108585765984
Contig6567_0_5607	Contig6567	0	5607	0.17019148505414	0.000968287122972675	0.817490667776647
Contig65681_10000_11604	Contig65681	10000	11604	0.0992284266090117	0.000379320195534175	0.790076572964051
Contig6588_0_3838	Contig6588	0	3838	0.0151606193289802	0.000474130840759709	0.78319441897185
Contig66125_0_9308	Contig66125	0	9308	0.51454137332007	0.0038510368402687	0.893382557212081
Contig66193_20000_28551	Contig66193	20000	28551	0.350381428960132	0.00261632901446347	0.869445303538903
Contig66489_30000_39031	Contig66489	30000	39031	0.0914301692332213	0.000682574443275188	0.780783359064365
Contig6667_0_7552	Contig6667	0	7552	0.262510837387485	0.00115997679767583	0.836413242109236
Contig67030_0_10000	Contig67030	0	10000	0.0566030386784034	0.00110051054949241	0.762229172569973
Contig67064_0_5009	Contig67064	0	5009	0.370692443343789	0.00294215183885879	0.852468730174689
Contig67233_0_10000	Contig67233	0	10000	0.0590245829344328	0.000330781352515876	0.778263858849931
Contig676684_0_1647	Contig676684	0	1647	0.634945174286243	0.0491013254094114	0.895008142040714
Contig67817_0_10000	Contig67817	0	10000	0.404898627454918	0.0026823245711921	0.876891024488331
Contig67838_0_10000	Contig67838	0	10000	0.365970038851337	0.00224617078405583	0.836593004136223
Contig68006_0_10000	Contig68006	0	10000	0.0328574104090221	0.00103508600797996	0.751153936861966
Contig68111_0_10000	Contig68111	0	10000	0.0650563774593996	0.00129184167346341	0.810463730626386
Contig68306_0_8568	Contig68306	0	8568	0.22621220846052	0.000279061710824661	0.83194226038958
Contig69194_0_10000	Contig69194	0	10000	0.568015928887213	0.0186051946556501	0.873585563982115
Contig69393_0_10000	Contig69393	0	10000	0.0442781960400406	0.00105815700018834	0.866388729601256
Contig70269_0_7155	Contig70269	0	7155	0.00349480821980068	0.000479894710594001	0.748955869173745
Contig70431_10000_13423	Contig70431	10000	13423	0.118301311965258	0.00105383898648691	0.835955218746366
Contig70568_0_5228	Contig70568	0	5228	0.62630455413023	0.103896103896104	0.894196942484228
Contig70740_0_2750	Contig70740	0	2750	0.549883467424534	0.00657421154490999	0.898156615250858
Contig7105_0_1558	Contig7105	0	1558	0.0641169110563632	0.00084249188444468	0.77155830514495
Contig71466_0_4231	Contig71466	0	4231	0.341180822350727	0.000816526079877742	0.847106168591641
Contig71759_20000_30000	Contig71759	20000	30000	0.544083031492636	0.00592296072744967	0.914093367438846
Contig72025_0_10000	Contig72025	0	10000	0.0540214746543498	0.000724596237876707	0.763603486494
Contig72349_0_10000	Contig72349	0	10000	0.511479625410845	0.00513126248733393	0.907693151341999
Contig726_30000_38531	Contig726	30000	38531	0.404323937446448	0.0034117336077684	0.818844650926386
Contig73132_0_9374	Contig73132	0	9374	0.228157702770964	0.000993898502668762	0.873192417707029
Contig73214_0_10000	Contig73214	0	10000	0.187483039546218	0.000672611695872493	0.784137849435046
Contig73787_0_9688	Contig73787	0	9688	0.172228772771609	0.0012800316439295	0.818041599201135
Contig73890_0_10000	Contig73890	0	10000	0.502715318720955	0.276651435850472	0.908963082112502
Contig7395_0_4452	Contig7395	0	4452	0.31200184305299	0.00306822702453499	0.825881041927845
Contig73980_0_3836	Contig73980	0	3836	0.665881371756512	0.0738801427542378	0.89395342379421
Contig73995_10000_14276	Contig73995	10000	14276	0.536069540214425	0.00559177210675723	0.892009111675555
Contig74089_0_7178	Contig74089	0	7178	0.0551007625142642	0.000550782498370536	0.753219032651732
Contig7430_0_6721	Contig7430	0	6721	0.409157054422096	0.00344442146342429	0.820280455402052
Contig74528_0_3480	Contig74528	0	3480	0.0541828793111474	0.000620429426719298	0.775267317627429
Contig75131_0_4964	Contig75131	0	4964	0.411634781110373	0.00261928074583556	0.838892885869538
Contig75212_0_10000	Contig75212	0	10000	0.00858360268879313	0.000491300809091838	0.814918533954564
Contig75774_10000_16727	Contig75774	10000	16727	0.0469129156753348	0.000666199916746752	0.764365882747646
Contig75850_0_9226	Contig75850	0	9226	0.00738536448514343	0.00047625943395843	0.809290748446101
Contig75880_0_10000	Contig75880	0	10000	0.832904143128395	0.444045140645741	0.954881000271704
Contig760_30000_40000	Contig760	30000	40000	0.611631562017774	0.0151281167104111	0.873389465756999
Contig76044_0_3335	Contig76044	0	3335	0.307738312822329	0.00090911081185453	0.824889046074268
Contig76309_0_7563	Contig76309	0	7563	0.009219873913521	0.000738518969402334	0.755727705801167
Contig76414_0_10000	Contig76414	0	10000	0.423666175744142	0.00181443223208521	0.866011586054427
Contig76568_10000_11043	Contig76568	10000	11043	0.0922176369597724	0.000501151970990889	0.873202570229877
Contig773_20000_30000	Contig773	20000	30000	0.0451068496998916	0.000430404876487254	0.764707215328805
Contig77382_10000_14455	Contig77382	10000	14455	0.797166145932761	0.418856373824113	0.935345042885545
Contig77492_0_10000	Contig77492	0	10000	0.848983763816324	0.611650485436893	0.982029658823004
Contig77666_0_10000	Contig77666	0	10000	0.337770163919322	0.00165583738204513	0.82326787649575
Contig77708_0_7324	Contig77708	0	7324	0.0472676440462209	0.000716173080494266	0.799325906194419
Contig7795_0_6628	Contig7795	0	6628	0.0288642186165669	0.000698384984722846	0.791103507271172
Contig78231_0_7474	Contig78231	0	7474	0.658828044268937	0.0277880601095371	0.942945432668438
Contig7841_0_7932	Contig7841	0	7932	0.412524577151061	0.00120256599692456	0.939801478514723
Contig78422_0_10000	Contig78422	0	10000	0.806933605410937	0.317751748354906	0.937698926591994
Contig786_20000_30000	Contig786	20000	30000	0.301340783185573	0.00190285998583511	0.811074291247425
Contig79035_0_4416	Contig79035	0	4416	0.18331436970758	0.000202949989079547	0.801418718081284
Contig79113_0_8164	Contig79113	0	8164	0.380433348380401	0.00224432039724315	0.842558727889673
Contig79282_0_10000	Contig79282	0	10000	0.00125058544397903	0.000292997363023729	0.786357169212285
Contig7931_0_3627	Contig7931	0	3627	0.244972600188211	0.000655386063376997	0.837500410663095
Contig8_70000_80000	Contig8	70000	80000	0.781696637943091	0.202998269541757	0.957558278366912
Contig80560_0_6629	Contig80560	0	6629	0.353679073971396	0.0020840782624948	0.882736396415591
Contig80973_0_10000	Contig80973	0	10000	0.0486337062674724	0.000576283224709297	0.800583084029928
Contig81035_0_7811	Contig81035	0	7811	0.302021111615869	0.00103145244659057	0.869630753005462
Contig81137_0_7475	Contig81137	0	7475	0.183316918426906	0.000530982337072286	0.780268553454306
Contig81146_0_4627	Contig81146	0	4627	0.492442195518521	0.00513414664233433	0.856642433102675
Contig81172_0_7640	Contig81172	0	7640	0.0908202842817769	0.000760157512870108	0.797311012767528
Contig8150_0_9494	Contig8150	0	9494	0.304418213231529	0.00164062089905818	0.859621495142747
Contig81540_0_10000	Contig81540	0	10000	0.332369515873606	0.00151023353977927	0.813482460697924
Contig8168_0_3800	Contig8168	0	3800	0.419668001377329	0.00252262457484714	0.844992534355519
Contig81687_0_10000	Contig81687	0	10000	0.555689890195377	0.0278616181060042	0.843944775956683
Contig81737_0_10000	Contig81737	0	10000	0.280222006342078	0.000855008741009706	0.822546722265423
Contig822_10000_20000	Contig822	10000	20000	0.793294849478664	0.272058853437216	0.939219121076982
Contig8220_0_10000	Contig8220	0	10000	0.00676867082473458	0.000739958659519872	0.767673832037616
Contig82230_0_10000	Contig82230	0	10000	0.189460731074919	0.000947505486978528	0.79903028771562
Contig82581_0_8230	Contig82581	0	8230	0.118536635249409	0.00107134267660756	0.775075987841945
Contig82795_0_10000	Contig82795	0	10000	0.00112182338115356	0.000556968897175753	0.747245470301354
Contig82795_10000_17299	Contig82795	10000	17299	3.42569786831478e-05	0.00090086293056364	0.752982609051228
Contig82938_0_7867	Contig82938	0	7867	0.911857498014492	0.763865396957529	0.974288257647575
Contig83_30000_40000	Contig83	30000	40000	0.312243583131469	0.00147404143727284	0.828842929095987
Contig83214_0_1018	Contig83214	0	1018	0.502232653755105	0.00319491719098385	0.90730587589378
Contig83362_0_3743	Contig83362	0	3743	0.0938016681314508	0.00111601886525463	0.850374865150919
Contig83967_0_10000	Contig83967	0	10000	0.226351398778179	0.00227861358404132	0.799968235542492
Contig84081_0_7767	Contig84081	0	7767	0.217404733041065	0.00132631719385808	0.81012243341591
Contig84562_0_7741	Contig84562	0	7741	0.070758995404052	0.000482527595184364	0.787366253586948
Contig84850_10000_13869	Contig84850	10000	13869	0.162514508215675	0.000717224046204712	0.798766431942575
Contig84921_0_6213	Contig84921	0	6213	0.469539166547855	0.00524850292691088	0.918148712898871
Contig85152_0_10000	Contig85152	0	10000	0.322739862671388	0.00169490335654018	0.898525729809522
Contig85921_0_7743	Contig85921	0	7743	0.230087062939602	0.00226503056533533	0.922800150105059
Contig86180_0_7214	Contig86180	0	7214	0.52346390145307	0.00524745148953359	0.890434250197369
Contig86196_0_8580	Contig86196	0	8580	0.676945280037918	0.058996043814367	0.913547551994878
Contig86507_10000_20000	Contig86507	10000	20000	0.210523057238084	0.00110272274770407	0.838955453590626
Contig87397_0_6567	Contig87397	0	6567	0.349610321018104	0.00128379784182964	0.874364481145771
Contig87873_0_10000	Contig87873	0	10000	0.0153080768050354	0.000430768306544064	0.776446920515288
Contig881_10000_20000	Contig881	10000	20000	0.105836058895906	0.000765544434318954	0.830865034066472
Contig88110_0_6556	Contig88110	0	6556	0.132569917211252	0.000643819117238214	0.810857606185046
Contig88988_0_9123	Contig88988	0	9123	0.00146582177519825	0.00071521878996544	0.783182002713789
Contig89261_0_9243	Contig89261	0	9243	0.476489438945995	0.00501362396786128	0.853128074605655
Contig903_10000_20000	Contig903	10000	20000	0.122755141107746	0.000677475523745649	0.799078371269059
Contig918_10000_20000	Contig918	10000	20000	0.329363364941044	0.00100475535860778	0.809916108403255
Contig92189_30000_38517	Contig92189	30000	38517	0.245187167180263	0.000562357816777394	0.82220997328658
Contig92402_0_2326	Contig92402	0	2326	0.0493498170502049	0.000487714441868293	0.778649636588955
Contig92668_0_8437	Contig92668	0	8437	0.399408870853534	0.00495422468391394	0.842929471784043
Contig93503_0_1766	Contig93503	0	1766	0.512439524240138	0.00560108122935455	0.866098814262212
Contig93748_0_3470	Contig93748	0	3470	0.382829600328663	0.00216418471048215	0.858399323245397
Contig94106_0_2105	Contig94106	0	2105	0.336880317554254	0.00168658302234618	0.803966876138314
Contig95963_0_5758	Contig95963	0	5758	0.390434777531126	0.00163354333523945	0.828784699636047
Contig96206_0_6047	Contig96206	0	6047	0.074052654661757	0.000974473143399258	0.811091687262605
Contig975_0_10000	Contig975	0	10000	0.728637318356115	0.140255891193938	0.913917612243526
Contig97731_0_10000	Contig97731	0	10000	0.429636251447945	0.00297042624426731	0.837091094000956
Contig9812_0_10000	Contig9812	0	10000	0.000840532474398584	0.000874195417637661	0.773134012834382
Contig98694_0_8909	Contig98694	0	8909	0.442557086995722	0.00477119222739347	0.841289734067887
Contig99082_10000_17573	Contig99082	10000	17573	0.382607512532202	0.00211907553241381	0.855538759939685
Contig99912_0_10000	Contig99912	0	10000	0.120625514642187	0.000505334284513951	0.848673851770028
