Contig104531	8145	8147	-37
Contig1104	15920	15922	29
Contig128059	154	156	-27
Contig129435	3172	3174	-26
Contig131260	1798	1800	-29
Contig132309	816	818	28
Contig13829	2520	2522	25
Contig158671	1750	1752	41
Contig173	13454	13456	-32
Contig17564	25282	25284	-29
Contig17564	26782	26784	-29
Contig20569	28901	28903	-42
Contig22567	8782	8784	46
Contig26041	796	798	25
Contig2881	12035	12037	38
Contig4078	6681	6683	25
Contig43436	6828	6830	-26
Contig46244	234	236	52
Contig57713	16965	16967	31
Contig60846	4121	4123	42
Contig61840	2326	2328	47
Contig67233	3913	3915	38
Contig69512	2813	2815	27
Contig71299	120	122	-34
Contig75751	1052	1054	45
Contig80031	5823	5825	27
Contig81635	7273	7275	-27
