Contig100994:1031-6602	sp|P20007|PCKG_DROME	55.605	223	59	2	1655	987	465	647	1.37e-80	255
Contig100994:1031-6602	sp|P20007|PCKG_DROME	77.778	36	8	0	1872	1765	431	466	1.37e-80	70.1
Contig100994:1031-6602	sp|P20007|PCKG_DROME	51.101	227	70	2	3730	3053	40	226	1.86e-60	224
Contig100994:1031-6602	sp|P20007|PCKG_DROME	60.000	75	29	1	2279	2055	358	431	2.78e-18	95.1
Contig100994:1031-6602	sp|P20007|PCKG_DROME	61.333	75	24	1	2912	2703	219	293	5.50e-17	69.7
Contig100994:1031-6602	sp|P20007|PCKG_DROME	60.000	35	12	1	2587	2483	293	325	5.50e-17	42.7
Contig100994:1031-6602	sp|P20007|PCKG_DROME	49.315	73	36	1	2535	2317	310	381	3.79e-11	72.0
Contig103503:6845-7852	sp|P56649|G3P_PANVR	75.227	331	82	0	998	6	2	332	3.27e-179	502
Contig105226:1256-1732	sp|Q6UR05|MRP1_CANLF	36.250	80	50	1	476	240	564	643	2.05e-06	50.1
Contig1270:2696-8857	sp|O60341|KDM1A_HUMAN	63.107	103	33	1	721	1029	565	662	4.41e-30	134
Contig1270:2696-8857	sp|O60341|KDM1A_HUMAN	87.179	78	10	0	2002	2235	665	742	8.80e-28	126
Contig1270:2696-8857	sp|O60341|KDM1A_HUMAN	69.333	75	17	1	5006	5212	769	843	1.30e-21	106
Contig1270:2696-8857	sp|O60341|KDM1A_HUMAN	100.000	25	0	0	1	75	517	541	3.68e-09	59.7
Contig1270:2696-8857	sp|O60341|KDM1A_HUMAN	81.818	11	2	0	117	149	556	566	3.68e-09	25.8
Contig1270:2696-8857	sp|O60341|KDM1A_HUMAN	86.667	30	4	0	3087	3176	742	771	5.09e-08	62.4
Contig1297:44614-55313	sp|Q28FE8|ADAT1_XENTR	65.823	79	27	0	7155	7391	227	305	4.77e-27	121
Contig1297:45241-67652	sp|Q9Y613|FHOD1_HUMAN	60.000	70	27	1	18407	18198	735	803	2.06e-41	83.2
Contig1297:45241-67652	sp|Q9Y613|FHOD1_HUMAN	53.571	56	26	0	17861	17694	835	890	2.06e-41	75.1
Contig1297:45241-67652	sp|Q9Y613|FHOD1_HUMAN	54.545	44	20	0	18085	17954	796	839	2.06e-41	58.2
Contig1297:45241-67652	sp|Q9Y613|FHOD1_HUMAN	49.451	91	46	0	16321	16049	928	1018	2.06e-18	98.6
Contig1297:45241-67652	sp|Q9Y613|FHOD1_HUMAN	62.500	48	16	1	18804	18667	693	740	6.00e-06	57.8
Contig137608:106-1233	sp|Q8SWR3|SPR_DROME	28.980	245	159	8	342	1058	181	416	1.12e-13	75.5
Contig143:7740-23511	sp|Q4QR62|TI10A_XENLA	67.742	62	20	0	2533	2348	26	87	1.00e-21	96.3
Contig152:6965-35832	sp|Q5U249|ELYS_XENLA	37.374	99	51	3	13585	13292	822	910	1.50e-06	60.1
Contig155764:890-1135	sp|E1B932|KLH12_BOVIN	59.459	74	30	0	24	245	391	464	7.77e-25	99.4
Contig155764:890-1135	sp|E1B932|KLH12_BOVIN	42.857	70	40	0	33	242	441	510	6.60e-13	65.5
Contig155764:890-1135	sp|E1B932|KLH12_BOVIN	35.714	70	45	0	33	242	488	557	7.91e-07	48.1
Contig15653:1337-14633	sp|Q9I7F7|ACKL_DROME	73.529	68	17	1	12227	12027	209	276	2.94e-31	95.9
Contig15653:1337-14633	sp|Q9I7F7|ACKL_DROME	81.818	33	6	0	11928	11830	274	306	2.94e-31	65.5
Contig15653:1337-14633	sp|Q9I7F7|ACKL_DROME	56.452	62	27	0	11456	11271	302	363	1.77e-15	88.2
Contig15653:1337-14633	sp|Q9I7F7|ACKL_DROME	60.377	53	21	0	11064	10906	347	399	3.87e-10	70.5
Contig15653:1337-14633	sp|Q9I7F7|ACKL_DROME	56.604	53	22	1	12717	12559	159	210	2.22e-08	64.7
Contig15653:1337-14633	sp|Q9I7F7|ACKL_DROME	49.153	59	27	2	9118	8948	470	527	4.46e-07	60.5
Contig16154:33-1676	sp|Q9U221|UNG_CAEEL	57.000	100	42	1	302	6	181	280	2.40e-30	123
Contig16154:33-1676	sp|Q9U221|UNG_CAEEL	71.111	45	11	1	1643	1509	131	173	7.28e-09	60.8
Contig16846:491-8347	sp|B3EWZ6|MLRP2_ACRMI	39.007	282	165	4	7811	6975	4341	4618	1.21e-114	220
Contig16846:491-8347	sp|B3EWZ6|MLRP2_ACRMI	38.575	407	215	13	6964	5774	4622	5003	1.21e-114	219
Contig16846:491-8347	sp|B3EWZ6|MLRP2_ACRMI	37.592	407	234	10	6964	5768	4197	4591	2.76e-103	236
Contig16846:491-8347	sp|B3EWZ6|MLRP2_ACRMI	38.938	226	131	5	7637	6975	3970	4193	2.76e-103	165
Contig16846:491-8347	sp|B3EWZ6|MLRP2_ACRMI	37.561	410	226	14	6964	5777	5037	5430	2.07e-96	224
Contig16846:491-8347	sp|B3EWZ6|MLRP2_ACRMI	35.714	280	157	10	7811	6996	4761	5025	2.07e-96	154
Contig16846:491-8347	sp|B3EWZ6|MLRP2_ACRMI	34.878	410	239	13	6964	5774	3770	4164	5.90e-95	199
Contig16846:491-8347	sp|B3EWZ6|MLRP2_ACRMI	35.052	291	178	7	7835	6975	3483	3766	5.90e-95	174
Contig16846:491-8347	sp|B3EWZ6|MLRP2_ACRMI	36.237	287	165	9	7811	6975	5185	5461	1.02e-86	177
Contig16846:491-8347	sp|B3EWZ6|MLRP2_ACRMI	32.619	420	247	15	6964	5777	5465	5872	1.02e-86	169
Contig16846:491-8347	sp|B3EWZ6|MLRP2_ACRMI	35.377	424	212	19	6964	5795	5908	6303	4.19e-82	171
Contig16846:491-8347	sp|B3EWZ6|MLRP2_ACRMI	35.125	279	165	9	7811	7002	5623	5894	4.19e-82	159
Contig16846:491-8347	sp|B3EWZ6|MLRP2_ACRMI	35.101	396	229	13	6964	5792	3359	3731	7.67e-68	181
Contig16846:491-8347	sp|B3EWZ6|MLRP2_ACRMI	26.645	304	166	7	7856	6975	3099	3355	7.67e-68	102
Contig16846:491-8347	sp|B3EWZ6|MLRP2_ACRMI	31.540	409	227	14	6937	5801	5705	6090	2.48e-66	169
Contig16846:491-8347	sp|B3EWZ6|MLRP2_ACRMI	27.759	299	174	11	7772	6975	5403	5692	2.48e-66	108
Contig16846:491-8347	sp|B3EWZ6|MLRP2_ACRMI	31.250	320	187	11	7856	6975	5816	6128	1.85e-64	141
Contig16846:491-8347	sp|B3EWZ6|MLRP2_ACRMI	27.955	440	256	19	6946	5726	6137	6548	1.85e-64	130
Contig16846:491-8347	sp|B3EWZ6|MLRP2_ACRMI	29.858	422	236	18	6961	5801	5259	5655	2.56e-63	138
Contig16846:491-8347	sp|B3EWZ6|MLRP2_ACRMI	33.333	279	157	10	7769	6996	4976	5246	2.56e-63	129
Contig16846:491-8347	sp|B3EWZ6|MLRP2_ACRMI	28.900	391	199	15	6964	5801	670	984	1.85e-45	112
Contig16846:491-8347	sp|B3EWZ6|MLRP2_ACRMI	37.584	149	88	4	7409	6975	519	666	1.85e-45	96.3
Contig16846:491-8347	sp|B3EWZ6|MLRP2_ACRMI	31.923	260	128	8	7838	7077	1113	1329	2.23e-44	110
Contig16846:491-8347	sp|B3EWZ6|MLRP2_ACRMI	26.634	413	193	17	7018	5798	1346	1654	2.23e-44	94.0
Contig16846:491-8347	sp|B3EWZ6|MLRP2_ACRMI	25.879	398	220	12	6964	5792	1695	2024	2.32e-43	105
Contig16846:491-8347	sp|B3EWZ6|MLRP2_ACRMI	27.273	286	147	10	7811	6975	1460	1691	2.32e-43	96.3
Contig16846:491-8347	sp|B3EWZ6|MLRP2_ACRMI	27.149	442	224	17	6964	5687	146	505	4.02e-42	108
Contig16846:491-8347	sp|B3EWZ6|MLRP2_ACRMI	38.168	131	75	4	7364	6990	6	136	4.02e-42	88.2
Contig16846:491-8347	sp|B3EWZ6|MLRP2_ACRMI	29.110	292	153	7	7835	6978	944	1187	4.26e-42	108
Contig16846:491-8347	sp|B3EWZ6|MLRP2_ACRMI	27.340	406	182	17	6964	5783	1193	1497	4.26e-42	89.0
Contig16846:491-8347	sp|B3EWZ6|MLRP2_ACRMI	31.034	377	215	13	6832	5780	4867	5224	1.45e-33	147
Contig16846:491-8347	sp|B3EWZ6|MLRP2_ACRMI	31.579	342	173	13	6748	5750	882	1171	3.44e-32	142
Contig16846:491-8347	sp|B3EWZ6|MLRP2_ACRMI	32.168	286	181	10	7811	6975	6058	6337	1.89e-30	137
Contig16846:491-8347	sp|B3EWZ6|MLRP2_ACRMI	33.225	307	181	13	7856	6975	3265	3560	3.38e-30	136
Contig16846:491-8347	sp|B3EWZ6|MLRP2_ACRMI	29.605	304	153	8	7856	6978	1804	2057	2.68e-28	130
Contig16846:491-8347	sp|B3EWZ6|MLRP2_ACRMI	33.131	329	191	13	6736	5789	3215	3527	1.15e-27	128
Contig16846:491-8347	sp|B3EWZ6|MLRP2_ACRMI	31.949	313	176	13	7856	6978	4534	4829	2.14e-27	127
Contig16846:491-8347	sp|B3EWZ6|MLRP2_ACRMI	30.363	303	154	10	7856	6975	247	501	2.83e-26	123
Contig16846:491-8347	sp|B3EWZ6|MLRP2_ACRMI	31.000	300	179	10	7856	6975	581	858	5.60e-25	119
Contig16846:491-8347	sp|B3EWZ6|MLRP2_ACRMI	27.687	307	192	11	7856	6996	4106	4402	4.29e-24	116
Contig16846:491-8347	sp|B3EWZ6|MLRP2_ACRMI	28.956	297	186	7	7856	6987	1606	1884	9.36e-24	115
Contig16846:491-8347	sp|B3EWZ6|MLRP2_ACRMI	28.763	299	155	7	7847	6975	1977	2225	9.60e-24	115
Contig16846:491-8347	sp|B3EWZ6|MLRP2_ACRMI	29.794	339	178	14	6733	5741	363	649	4.19e-23	112
Contig16846:491-8347	sp|B3EWZ6|MLRP2_ACRMI	29.537	281	168	11	7856	7083	6249	6522	6.43e-23	112
Contig16846:491-8347	sp|B3EWZ6|MLRP2_ACRMI	27.119	295	174	7	7856	6975	2488	2742	1.88e-22	105
Contig16846:491-8347	sp|B3EWZ6|MLRP2_ACRMI	63.158	19	7	0	6964	6908	2746	2764	1.88e-22	25.0
Contig16846:491-8347	sp|B3EWZ6|MLRP2_ACRMI	28.571	343	207	15	6736	5738	531	845	2.28e-22	110
Contig16846:491-8347	sp|B3EWZ6|MLRP2_ACRMI	42.424	132	73	1	7364	6978	2276	2407	4.13e-22	109
Contig16846:491-8347	sp|B3EWZ6|MLRP2_ACRMI	29.693	293	149	10	7838	6975	2332	2572	4.13e-22	109
Contig16846:491-8347	sp|B3EWZ6|MLRP2_ACRMI	29.021	286	170	7	7838	7002	64	323	4.81e-22	109
Contig16846:491-8347	sp|B3EWZ6|MLRP2_ACRMI	30.178	338	169	15	6736	5771	1051	1337	1.57e-21	107
Contig16846:491-8347	sp|B3EWZ6|MLRP2_ACRMI	28.000	300	157	8	7856	6975	775	1021	1.59e-21	107
Contig16846:491-8347	sp|B3EWZ6|MLRP2_ACRMI	25.799	438	251	16	7033	5786	6324	6709	2.31e-20	103
Contig16846:491-8347	sp|B3EWZ6|MLRP2_ACRMI	41.912	136	74	3	7385	6990	3045	3179	5.42e-20	102
Contig16846:491-8347	sp|B3EWZ6|MLRP2_ACRMI	29.358	327	172	13	6727	5768	2885	3159	7.09e-20	102
Contig16846:491-8347	sp|B3EWZ6|MLRP2_ACRMI	29.766	299	171	13	7811	6990	3695	3979	3.43e-19	100
Contig16846:491-8347	sp|B3EWZ6|MLRP2_ACRMI	28.060	335	174	13	6745	5774	1914	2192	3.63e-19	100
Contig16846:491-8347	sp|B3EWZ6|MLRP2_ACRMI	28.309	272	168	7	7769	6975	6686	6937	7.63e-19	94.4
Contig16846:491-8347	sp|B3EWZ6|MLRP2_ACRMI	71.429	14	4	0	6937	6896	6950	6963	7.63e-19	24.6
Contig16846:491-8347	sp|B3EWZ6|MLRP2_ACRMI	27.874	348	174	15	6814	5786	3043	3318	2.52e-18	97.1
Contig16846:491-8347	sp|B3EWZ6|MLRP2_ACRMI	29.316	307	176	9	6682	5798	6625	6902	3.18e-18	97.1
Contig16846:491-8347	sp|B3EWZ6|MLRP2_ACRMI	26.781	351	202	17	6736	5729	2088	2398	8.93e-18	95.5
Contig16846:491-8347	sp|B3EWZ6|MLRP2_ACRMI	37.681	138	79	3	7367	6972	2884	3020	1.29e-17	94.7
Contig16846:491-8347	sp|B3EWZ6|MLRP2_ACRMI	26.899	316	174	10	6727	5792	2276	2538	1.60e-17	94.7
Contig16846:491-8347	sp|B3EWZ6|MLRP2_ACRMI	27.536	345	176	13	6748	5759	2432	2717	1.95e-17	94.4
Contig16846:491-8347	sp|B3EWZ6|MLRP2_ACRMI	27.832	309	152	14	7856	6975	1276	1528	6.67e-17	92.4
Contig16846:491-8347	sp|B3EWZ6|MLRP2_ACRMI	27.178	287	163	10	7817	6996	6488	6741	8.34e-17	65.1
Contig16846:491-8347	sp|B3EWZ6|MLRP2_ACRMI	25.328	229	136	9	6937	6254	6765	6959	8.34e-17	47.0
Contig16846:491-8347	sp|B3EWZ6|MLRP2_ACRMI	27.378	347	214	13	6736	5729	3	322	2.08e-16	90.9
Contig16846:491-8347	sp|B3EWZ6|MLRP2_ACRMI	25.393	382	235	15	6769	5663	1547	1891	2.37e-15	87.4
Contig16846:491-8347	sp|B3EWZ6|MLRP2_ACRMI	34.454	119	76	2	7364	7011	7175	7292	5.27e-12	76.3
Contig16846:491-8347	sp|B3EWZ6|MLRP2_ACRMI	30.233	215	131	10	6751	6140	2595	2801	2.08e-11	74.3
Contig16846:491-8347	sp|B3EWZ6|MLRP2_ACRMI	37.349	83	45	3	5222	4980	5476	5553	3.43e-07	42.0
Contig16846:491-8347	sp|B3EWZ6|MLRP2_ACRMI	42.857	35	20	0	5325	5221	5442	5476	3.43e-07	37.4
Contig16934:6819-32187	sp|P23377|FURIN_RAT	60.526	76	30	0	1416	1189	476	551	1.12e-20	105
Contig16934:6819-32187	sp|P23377|FURIN_RAT	60.000	80	30	1	8504	8265	278	355	4.85e-16	90.5
Contig16934:6819-32187	sp|P23377|FURIN_RAT	60.000	70	24	1	10465	10268	211	280	4.92e-07	61.2
Contig17038:5327-20018	sp|Q58EK5|TDRD1_DANRE	25.841	654	401	22	11925	10204	172	821	1.69e-43	179
Contig17038:5327-20018	sp|Q58EK5|TDRD1_DANRE	27.239	547	323	19	12405	10957	213	748	7.71e-39	164
Contig17038:5327-20018	sp|Q58EK5|TDRD1_DANRE	25.777	547	311	19	12357	10972	457	993	7.92e-35	151
Contig17038:5327-20018	sp|Q58EK5|TDRD1_DANRE	25.978	358	200	10	12360	11464	677	1028	3.87e-20	103
Contig17038:5327-20018	sp|Q58EK5|TDRD1_DANRE	32.374	139	93	1	8035	7619	626	763	1.77e-10	72.0
Contig17038:5327-20018	sp|Q58EK5|TDRD1_DANRE	30.597	134	70	5	9982	9650	225	358	1.96e-06	58.5
Contig17038:5327-20018	sp|Q58EK5|TDRD1_DANRE	38.889	72	43	1	6243	6031	456	527	3.04e-06	57.8
Contig17038:5327-20018	sp|Q58EK5|TDRD1_DANRE	32.479	117	70	4	12357	12025	929	1042	6.93e-06	56.6
Contig17038:5327-20018	sp|Q58EK5|TDRD1_DANRE	29.412	136	84	3	10755	10381	872	1006	9.07e-06	56.2
Contig17038:5327-20018	sp|Q58EK5|TDRD1_DANRE	33.333	90	60	0	7876	7607	457	546	9.15e-06	56.2
Contig1730:2759-16737	sp|Q90683|ITF2_CHICK	67.347	49	16	0	7138	6992	17	65	9.57e-13	70.1
Contig1730:2759-16737	sp|Q90683|ITF2_CHICK	58.730	63	23	1	8641	8453	17	76	9.10e-12	67.4
Contig1730:2759-16737	sp|Q90683|ITF2_CHICK	63.265	49	18	0	7964	7818	17	65	1.48e-10	63.9
Contig17598:63857-79668	sp|Q0V989|CC85C_XENTR	54.762	168	65	2	5953	6447	7	166	7.94e-37	149
Contig17603:9307-31202	sp|Q8N6V9|TEX9_HUMAN	65.116	43	15	0	1640	1512	326	368	5.11e-06	57.0
Contig17650:966-3384	sp|D3ZQG6|TRIM2_RAT	30.769	130	86	3	750	370	614	742	9.78e-10	66.2
Contig18086:1010-9919	sp|Q7Z3G6|PRIC2_HUMAN	80.180	111	22	0	6283	6615	201	311	5.07e-54	209
Contig18086:1010-9919	sp|Q7Z3G6|PRIC2_HUMAN	69.231	91	28	0	5054	5326	48	138	3.06e-32	141
Contig18086:1010-9919	sp|Q7Z3G6|PRIC2_HUMAN	49.573	117	46	2	5666	5995	132	242	5.47e-26	121
Contig18493:4286-29502	sp|Q8TEP8|CE192_HUMAN	36.134	119	74	2	23137	23493	1614	1730	5.58e-15	87.8
Contig18493:4286-29502	sp|Q8TEP8|CE192_HUMAN	36.145	83	53	0	19499	19747	1367	1449	1.96e-07	62.8
Contig18716:55219-77725	sp|Q6ZWH5|NEK10_HUMAN	61.321	106	37	1	10208	9891	390	491	6.71e-29	132
Contig18716:55219-77725	sp|Q6ZWH5|NEK10_HUMAN	54.795	73	33	0	1830	1612	1015	1087	8.62e-16	90.1
Contig18716:55219-77725	sp|Q6ZWH5|NEK10_HUMAN	65.909	44	15	0	6026	5895	698	741	6.12e-11	73.9
Contig18716:55219-77725	sp|Q6ZWH5|NEK10_HUMAN	62.000	50	19	0	8431	8282	593	642	1.88e-09	69.3
Contig18716:55219-77725	sp|Q6ZWH5|NEK10_HUMAN	51.020	49	24	0	8915	8769	550	598	3.71e-08	64.7
Contig18716:55219-77725	sp|Q6ZWH5|NEK10_HUMAN	50.877	57	27	1	9414	9244	496	551	8.83e-08	63.5
Contig18716:55219-77725	sp|Q6ZWH5|NEK10_HUMAN	81.818	33	6	0	7509	7411	638	670	2.41e-06	58.9
Contig18716:6272-24452	sp|O55047|TLK2_MOUSE	85.965	57	8	0	7874	8044	486	542	3.09e-21	106
Contig18716:6272-24452	sp|O55047|TLK2_MOUSE	91.892	37	3	0	11887	11997	589	625	6.78e-13	79.7
Contig18716:6272-24452	sp|O55047|TLK2_MOUSE	72.340	47	12	1	10890	11027	542	588	8.36e-10	69.7
Contig18716:6272-24452	sp|O55047|TLK2_MOUSE	72.973	37	10	0	12478	12588	626	662	4.48e-06	57.4
Contig18915:232-7214	sp|Q8BVG4|DPP9_MOUSE	60.784	51	20	0	1200	1352	745	795	3.62e-10	69.3
Contig18915:232-7214	sp|Q8BVG4|DPP9_MOUSE	51.111	45	22	0	5002	5136	797	841	2.44e-06	57.0
Contig19003:17608-28905	sp|Q9ESM0|IP6K1_RAT	44.767	172	67	3	620	189	258	429	9.31e-38	152
Contig19003:17608-28905	sp|Q9ESM0|IP6K1_RAT	65.079	63	22	0	1165	977	203	265	5.24e-17	90.5
Contig19003:17608-28905	sp|Q9ESM0|IP6K1_RAT	53.846	52	24	0	9348	9193	24	75	4.59e-10	68.9
Contig19114:35352-42161	sp|Q3T0Q3|RPB3_BOVIN	85.965	57	8	0	3704	3534	147	203	7.29e-26	113
Contig19114:35352-42161	sp|Q3T0Q3|RPB3_BOVIN	70.690	58	17	0	2422	2249	217	274	5.96e-18	89.7
Contig19114:35352-42161	sp|Q3T0Q3|RPB3_BOVIN	100.000	11	0	0	2558	2526	204	214	5.96e-18	25.8
Contig19114:37398-46407	sp|Q3T0Q3|RPB3_BOVIN	85.965	57	8	0	1658	1488	147	203	9.87e-26	113
Contig19114:37398-46407	sp|Q3T0Q3|RPB3_BOVIN	70.690	58	17	0	376	203	217	274	7.90e-18	89.7
Contig19114:37398-46407	sp|Q3T0Q3|RPB3_BOVIN	100.000	11	0	0	512	480	204	214	7.90e-18	25.8
Contig19114:37398-46407	sp|Q3T0Q3|RPB3_BOVIN	54.054	74	32	1	5649	5428	84	155	8.18e-18	90.1
Contig19114:37398-46407	sp|Q3T0Q3|RPB3_BOVIN	71.429	42	12	0	5969	5844	45	86	3.06e-12	73.6
Contig19180:30-39597	sp|B3EWZ6|MLRP2_ACRMI	48.951	143	64	2	15055	14648	2603	2743	7.48e-32	144
Contig19180:30-39597	sp|B3EWZ6|MLRP2_ACRMI	52.239	134	62	1	15049	14648	891	1022	6.04e-31	141
Contig19180:30-39597	sp|B3EWZ6|MLRP2_ACRMI	52.809	89	41	1	13217	12954	245	333	2.01e-28	106
Contig19180:30-39597	sp|B3EWZ6|MLRP2_ACRMI	50.000	44	21	1	13443	13312	197	239	2.01e-28	47.0
Contig19180:30-39597	sp|B3EWZ6|MLRP2_ACRMI	53.409	88	40	1	13217	12954	773	859	2.85e-28	105
Contig19180:30-39597	sp|B3EWZ6|MLRP2_ACRMI	47.917	48	24	1	13449	13306	723	769	2.85e-28	47.8
Contig19180:30-39597	sp|B3EWZ6|MLRP2_ACRMI	49.254	134	65	2	15049	14657	6	139	4.72e-28	132
Contig19180:30-39597	sp|B3EWZ6|MLRP2_ACRMI	47.857	140	65	3	15049	14648	365	502	1.52e-27	130
Contig19180:30-39597	sp|B3EWZ6|MLRP2_ACRMI	49.640	139	66	3	15055	14648	2089	2226	9.48e-27	127
Contig19180:30-39597	sp|B3EWZ6|MLRP2_ACRMI	49.398	83	39	1	13217	12978	1274	1356	1.27e-26	95.5
Contig19180:30-39597	sp|B3EWZ6|MLRP2_ACRMI	59.091	44	17	1	13437	13306	1228	1270	1.27e-26	52.0
Contig19180:30-39597	sp|B3EWZ6|MLRP2_ACRMI	51.111	90	42	1	13217	12954	2320	2409	1.37e-26	94.4
Contig19180:30-39597	sp|B3EWZ6|MLRP2_ACRMI	57.778	45	18	1	13434	13300	2275	2318	1.37e-26	53.1
Contig19180:30-39597	sp|B3EWZ6|MLRP2_ACRMI	48.438	128	65	1	15031	14648	1933	2059	1.61e-26	127
Contig19180:30-39597	sp|B3EWZ6|MLRP2_ACRMI	47.059	136	70	2	15052	14648	2275	2409	1.70e-26	126
Contig19180:30-39597	sp|B3EWZ6|MLRP2_ACRMI	46.715	137	66	4	15049	14648	2441	2573	2.79e-26	126
Contig19180:30-39597	sp|B3EWZ6|MLRP2_ACRMI	50.725	138	64	4	15055	14648	532	667	9.93e-26	124
Contig19180:30-39597	sp|B3EWZ6|MLRP2_ACRMI	44.318	88	49	0	13217	12954	2486	2573	2.12e-25	89.4
Contig19180:30-39597	sp|B3EWZ6|MLRP2_ACRMI	52.273	44	21	0	13431	13300	2441	2484	2.12e-25	54.3
Contig19180:30-39597	sp|B3EWZ6|MLRP2_ACRMI	45.312	128	70	0	15049	14666	3052	3179	1.93e-24	120
Contig19180:30-39597	sp|B3EWZ6|MLRP2_ACRMI	45.455	88	48	0	13217	12954	1972	2059	2.50e-24	94.7
Contig19180:30-39597	sp|B3EWZ6|MLRP2_ACRMI	53.061	49	16	2	13434	13306	1921	1968	2.50e-24	45.1
Contig19180:30-39597	sp|B3EWZ6|MLRP2_ACRMI	44.030	134	74	1	15049	14648	201	333	2.56e-24	119
Contig19180:30-39597	sp|B3EWZ6|MLRP2_ACRMI	45.255	137	71	2	15055	14654	1052	1187	3.38e-24	119
Contig19180:30-39597	sp|B3EWZ6|MLRP2_ACRMI	48.551	138	65	5	15055	14648	1559	1692	3.86e-24	119
Contig19180:30-39597	sp|B3EWZ6|MLRP2_ACRMI	45.522	134	70	2	15049	14648	729	859	8.40e-24	117
Contig19180:30-39597	sp|B3EWZ6|MLRP2_ACRMI	45.238	84	46	0	13217	12966	1802	1885	2.65e-23	88.2
Contig19180:30-39597	sp|B3EWZ6|MLRP2_ACRMI	51.163	43	20	1	13434	13306	1756	1797	2.65e-23	48.1
Contig19180:30-39597	sp|B3EWZ6|MLRP2_ACRMI	48.913	92	41	3	13217	12954	413	502	5.37e-23	89.4
Contig19180:30-39597	sp|B3EWZ6|MLRP2_ACRMI	52.174	46	19	2	13434	13306	364	409	5.37e-23	45.8
Contig19180:30-39597	sp|B3EWZ6|MLRP2_ACRMI	47.674	86	44	1	13217	12963	3097	3182	7.15e-23	91.3
Contig19180:30-39597	sp|B3EWZ6|MLRP2_ACRMI	60.976	41	14	2	13431	13312	3052	3091	7.15e-23	43.9
Contig19180:30-39597	sp|B3EWZ6|MLRP2_ACRMI	40.441	136	78	3	15049	14648	4060	4194	1.09e-22	114
Contig19180:30-39597	sp|B3EWZ6|MLRP2_ACRMI	45.588	136	68	4	15049	14648	4488	4619	1.33e-22	114
Contig19180:30-39597	sp|B3EWZ6|MLRP2_ACRMI	45.455	88	47	1	13217	12954	936	1022	1.13e-21	79.3
Contig19180:30-39597	sp|B3EWZ6|MLRP2_ACRMI	57.778	45	17	2	13437	13306	889	932	1.13e-21	51.6
Contig19180:30-39597	sp|B3EWZ6|MLRP2_ACRMI	44.944	89	47	2	13217	12954	4532	4619	3.61e-20	77.0
Contig19180:30-39597	sp|B3EWZ6|MLRP2_ACRMI	58.537	41	16	1	13431	13309	4488	4527	3.61e-20	48.5
Contig19180:30-39597	sp|B3EWZ6|MLRP2_ACRMI	40.441	136	38	2	396	1	1228	1324	5.76e-20	105
Contig19180:30-39597	sp|B3EWZ6|MLRP2_ACRMI	44.318	88	48	1	13217	12954	2657	2743	1.39e-19	84.0
Contig19180:30-39597	sp|B3EWZ6|MLRP2_ACRMI	43.396	53	23	2	13434	13297	2604	2656	1.39e-19	40.0
Contig19180:30-39597	sp|B3EWZ6|MLRP2_ACRMI	43.511	131	71	3	15049	14660	1757	1885	1.40e-19	103
Contig19180:30-39597	sp|B3EWZ6|MLRP2_ACRMI	41.111	90	50	3	13217	12954	579	667	2.04e-19	70.5
Contig19180:30-39597	sp|B3EWZ6|MLRP2_ACRMI	57.143	42	18	0	13434	13309	533	574	2.04e-19	52.8
Contig19180:30-39597	sp|B3EWZ6|MLRP2_ACRMI	41.606	137	72	4	15049	14654	2885	3018	2.07e-19	103
Contig19180:30-39597	sp|B3EWZ6|MLRP2_ACRMI	39.597	149	80	4	21850	21419	972	1115	3.25e-19	102
Contig19180:30-39597	sp|B3EWZ6|MLRP2_ACRMI	47.253	91	42	3	13217	12960	2929	3018	3.45e-19	79.3
Contig19180:30-39597	sp|B3EWZ6|MLRP2_ACRMI	48.837	43	21	1	13434	13306	2884	2925	3.45e-19	43.1
Contig19180:30-39597	sp|B3EWZ6|MLRP2_ACRMI	40.845	142	77	3	15055	14648	3216	3356	5.98e-19	101
Contig19180:30-39597	sp|B3EWZ6|MLRP2_ACRMI	35.669	157	96	3	15112	14648	1211	1364	1.20e-18	100
Contig19180:30-39597	sp|B3EWZ6|MLRP2_ACRMI	38.298	141	85	2	15067	14648	3628	3767	1.30e-18	100
Contig19180:30-39597	sp|B3EWZ6|MLRP2_ACRMI	35.870	92	54	4	13217	12954	4104	4194	2.45e-18	70.5
Contig19180:30-39597	sp|B3EWZ6|MLRP2_ACRMI	59.524	42	16	1	13431	13306	4060	4100	2.45e-18	49.3
Contig19180:30-39597	sp|B3EWZ6|MLRP2_ACRMI	37.778	90	54	2	13217	12954	3678	3767	3.39e-18	65.5
Contig19180:30-39597	sp|B3EWZ6|MLRP2_ACRMI	54.545	44	19	1	13437	13306	3632	3674	3.39e-18	53.9
Contig19180:30-39597	sp|B3EWZ6|MLRP2_ACRMI	38.235	136	43	2	402	1	197	293	4.99e-18	98.6
Contig19180:30-39597	sp|B3EWZ6|MLRP2_ACRMI	48.113	106	52	2	21757	21443	1507	1610	5.16e-18	98.6
Contig19180:30-39597	sp|B3EWZ6|MLRP2_ACRMI	39.080	87	52	1	13217	12960	1101	1187	9.93e-18	75.1
Contig19180:30-39597	sp|B3EWZ6|MLRP2_ACRMI	48.936	47	22	1	13434	13300	1053	1099	9.93e-18	42.4
Contig19180:30-39597	sp|B3EWZ6|MLRP2_ACRMI	41.007	139	78	3	15058	14648	1393	1529	1.24e-17	97.4
Contig19180:30-39597	sp|B3EWZ6|MLRP2_ACRMI	40.449	89	52	1	13217	12954	1604	1692	1.66e-17	68.6
Contig19180:30-39597	sp|B3EWZ6|MLRP2_ACRMI	53.488	43	20	0	13434	13306	1560	1602	1.66e-17	48.1
Contig19180:30-39597	sp|B3EWZ6|MLRP2_ACRMI	40.146	137	78	3	22699	22298	1398	1533	1.87e-17	97.1
Contig19180:30-39597	sp|B3EWZ6|MLRP2_ACRMI	39.560	91	52	2	13217	12954	2136	2226	1.93e-17	70.9
Contig19180:30-39597	sp|B3EWZ6|MLRP2_ACRMI	46.512	43	23	0	13434	13306	2090	2132	1.93e-17	45.8
Contig19180:30-39597	sp|B3EWZ6|MLRP2_ACRMI	43.519	108	59	2	22684	22367	207	314	3.14e-17	96.3
Contig19180:30-39597	sp|B3EWZ6|MLRP2_ACRMI	40.310	129	33	3	378	1	1932	2019	7.62e-17	94.7
Contig19180:30-39597	sp|B3EWZ6|MLRP2_ACRMI	41.304	138	75	5	21850	21443	809	942	1.25e-16	94.0
Contig19180:30-39597	sp|B3EWZ6|MLRP2_ACRMI	52.174	92	41	1	4769	4494	771	859	1.40e-16	94.0
Contig19180:30-39597	sp|B3EWZ6|MLRP2_ACRMI	50.442	113	50	2	12197	11874	1920	2031	1.50e-16	94.0
Contig19180:30-39597	sp|B3EWZ6|MLRP2_ACRMI	41.216	148	75	6	15049	14606	4702	4837	1.56e-16	94.0
Contig19180:30-39597	sp|B3EWZ6|MLRP2_ACRMI	39.850	133	38	3	390	1	534	627	2.15e-16	93.2
Contig19180:30-39597	sp|B3EWZ6|MLRP2_ACRMI	46.226	106	46	2	4793	4494	1264	1364	2.58e-16	93.2
Contig19180:30-39597	sp|B3EWZ6|MLRP2_ACRMI	39.394	132	60	4	4772	4431	1969	2098	3.18e-16	92.8
Contig19180:30-39597	sp|B3EWZ6|MLRP2_ACRMI	37.405	131	42	2	390	1	891	982	3.26e-16	92.8
Contig19180:30-39597	sp|B3EWZ6|MLRP2_ACRMI	40.141	142	74	4	21850	21443	449	585	3.57e-16	92.4
Contig19180:30-39597	sp|B3EWZ6|MLRP2_ACRMI	43.636	110	59	2	22690	22367	1932	2040	3.73e-16	92.4
Contig19180:30-39597	sp|B3EWZ6|MLRP2_ACRMI	37.037	135	44	3	399	1	1754	1849	4.19e-16	92.4
Contig19180:30-39597	sp|B3EWZ6|MLRP2_ACRMI	44.578	83	42	3	13217	12972	5169	5248	6.04e-16	61.2
Contig19180:30-39597	sp|B3EWZ6|MLRP2_ACRMI	59.524	42	16	1	13431	13306	5125	5165	6.04e-16	50.4
Contig19180:30-39597	sp|B3EWZ6|MLRP2_ACRMI	37.313	134	41	3	390	1	365	459	8.17e-16	91.3
Contig19180:30-39597	sp|B3EWZ6|MLRP2_ACRMI	39.869	153	81	6	15109	14672	4254	4402	1.29e-15	90.9
Contig19180:30-39597	sp|B3EWZ6|MLRP2_ACRMI	40.141	142	78	5	15061	14648	5324	5462	1.56e-15	90.5
Contig19180:30-39597	sp|B3EWZ6|MLRP2_ACRMI	39.759	83	47	2	13217	12978	52	134	1.71e-15	67.8
Contig19180:30-39597	sp|B3EWZ6|MLRP2_ACRMI	50.000	46	22	1	13431	13297	6	51	1.71e-15	42.4
Contig19180:30-39597	sp|B3EWZ6|MLRP2_ACRMI	44.144	111	60	1	22699	22373	3054	3164	1.78e-15	90.1
Contig19180:30-39597	sp|B3EWZ6|MLRP2_ACRMI	44.079	152	74	6	15109	14672	5100	5246	2.02e-15	90.1
Contig19180:30-39597	sp|B3EWZ6|MLRP2_ACRMI	38.931	131	39	3	390	1	5125	5215	2.84e-15	89.7
Contig19180:30-39597	sp|B3EWZ6|MLRP2_ACRMI	45.556	90	47	1	4763	4494	2486	2573	6.39e-15	88.6
Contig19180:30-39597	sp|B3EWZ6|MLRP2_ACRMI	40.426	94	49	3	13217	12954	5370	5462	7.49e-15	61.6
Contig19180:30-39597	sp|B3EWZ6|MLRP2_ACRMI	53.659	41	18	1	13431	13309	5328	5367	7.49e-15	46.2
Contig19180:30-39597	sp|B3EWZ6|MLRP2_ACRMI	46.154	91	48	1	4766	4494	244	333	7.61e-15	88.2
Contig19180:30-39597	sp|B3EWZ6|MLRP2_ACRMI	46.512	86	45	1	35285	35031	3094	3179	1.05e-14	87.8
Contig19180:30-39597	sp|B3EWZ6|MLRP2_ACRMI	37.879	132	41	3	390	1	2441	2533	1.13e-14	87.8
Contig19180:30-39597	sp|B3EWZ6|MLRP2_ACRMI	48.889	90	42	3	28972	28706	773	859	1.66e-14	87.0
Contig19180:30-39597	sp|B3EWZ6|MLRP2_ACRMI	34.091	132	48	1	396	1	727	819	2.08e-14	86.7
Contig19180:30-39597	sp|B3EWZ6|MLRP2_ACRMI	47.368	95	46	3	4772	4494	3094	3186	2.45e-14	86.7
Contig19180:30-39597	sp|B3EWZ6|MLRP2_ACRMI	45.545	101	51	3	2065	1772	2127	2226	2.73e-14	86.3
Contig19180:30-39597	sp|B3EWZ6|MLRP2_ACRMI	38.272	81	47	1	13217	12984	5814	5894	3.37e-14	60.8
Contig19180:30-39597	sp|B3EWZ6|MLRP2_ACRMI	42.857	63	35	1	13488	13300	5751	5812	3.37e-14	44.7
Contig19180:30-39597	sp|B3EWZ6|MLRP2_ACRMI	39.695	131	72	4	15058	14678	5767	5894	3.85e-14	85.9
Contig19180:30-39597	sp|B3EWZ6|MLRP2_ACRMI	50.495	101	49	1	12194	11895	3051	3151	4.26e-14	85.9
Contig19180:30-39597	sp|B3EWZ6|MLRP2_ACRMI	36.585	82	50	2	13217	12972	3475	3554	5.54e-14	57.0
Contig19180:30-39597	sp|B3EWZ6|MLRP2_ACRMI	51.111	45	21	1	13431	13297	3431	3474	5.54e-14	47.8
Contig19180:30-39597	sp|B3EWZ6|MLRP2_ACRMI	36.154	130	44	1	390	1	4488	4578	6.86e-14	85.1
Contig19180:30-39597	sp|B3EWZ6|MLRP2_ACRMI	33.121	157	95	4	15094	14645	5541	5694	7.97e-14	84.7
Contig19180:30-39597	sp|B3EWZ6|MLRP2_ACRMI	38.393	112	68	1	21775	21443	2031	2142	8.03e-14	84.7
Contig19180:30-39597	sp|B3EWZ6|MLRP2_ACRMI	49.462	93	43	3	2038	1772	51	143	8.24e-14	84.7
Contig19180:30-39597	sp|B3EWZ6|MLRP2_ACRMI	39.640	111	66	1	22699	22367	731	840	8.81e-14	84.7
Contig19180:30-39597	sp|B3EWZ6|MLRP2_ACRMI	40.952	105	61	1	21754	21443	2388	2492	8.88e-14	84.7
Contig19180:30-39597	sp|B3EWZ6|MLRP2_ACRMI	44.944	89	48	1	2038	1772	2656	2743	9.03e-14	84.7
Contig19180:30-39597	sp|B3EWZ6|MLRP2_ACRMI	44.444	99	52	2	22657	22367	2457	2554	1.05e-13	84.3
Contig19180:30-39597	sp|B3EWZ6|MLRP2_ACRMI	50.602	83	37	2	18224	17982	245	325	1.10e-13	84.3
Contig19180:30-39597	sp|B3EWZ6|MLRP2_ACRMI	41.758	91	50	2	28975	28706	1971	2059	1.13e-13	84.3
Contig19180:30-39597	sp|B3EWZ6|MLRP2_ACRMI	51.961	102	46	3	12191	11892	1396	1496	1.35e-13	84.0
Contig19180:30-39597	sp|B3EWZ6|MLRP2_ACRMI	45.652	92	48	2	23621	23346	1970	2059	1.38e-13	84.0
Contig19180:30-39597	sp|B3EWZ6|MLRP2_ACRMI	38.272	81	48	2	13217	12978	1442	1521	1.67e-13	55.5
Contig19180:30-39597	sp|B3EWZ6|MLRP2_ACRMI	53.488	43	19	1	13431	13306	1396	1438	1.67e-13	47.8
Contig19180:30-39597	sp|B3EWZ6|MLRP2_ACRMI	45.918	98	50	2	2059	1772	406	502	1.70e-13	83.6
Contig19180:30-39597	sp|B3EWZ6|MLRP2_ACRMI	42.222	90	50	2	28972	28706	245	333	1.76e-13	83.6
Contig19180:30-39597	sp|B3EWZ6|MLRP2_ACRMI	46.591	88	46	1	2035	1772	936	1022	2.08e-13	83.6
Contig19180:30-39597	sp|B3EWZ6|MLRP2_ACRMI	37.671	146	85	5	15076	14648	5987	6129	2.48e-13	83.2
Contig19180:30-39597	sp|B3EWZ6|MLRP2_ACRMI	48.913	92	44	3	23621	23346	771	859	2.57e-13	83.2
Contig19180:30-39597	sp|B3EWZ6|MLRP2_ACRMI	47.253	91	48	0	4766	4494	2319	2409	3.16e-13	82.8
Contig19180:30-39597	sp|B3EWZ6|MLRP2_ACRMI	37.795	127	76	3	21817	21443	2978	3103	3.30e-13	82.8
Contig19180:30-39597	sp|B3EWZ6|MLRP2_ACRMI	47.619	105	51	2	12194	11889	364	467	3.62e-13	82.8
Contig19180:30-39597	sp|B3EWZ6|MLRP2_ACRMI	38.571	140	79	6	15058	14648	6203	6338	3.96e-13	82.4
Contig19180:30-39597	sp|B3EWZ6|MLRP2_ACRMI	48.864	88	42	2	2035	1778	1101	1187	6.28e-13	82.0
Contig19180:30-39597	sp|B3EWZ6|MLRP2_ACRMI	34.759	187	88	7	21919	21443	71	251	6.94e-13	81.6
Contig19180:30-39597	sp|B3EWZ6|MLRP2_ACRMI	43.750	112	55	5	22699	22379	367	475	8.41e-13	81.3
Contig19180:30-39597	sp|B3EWZ6|MLRP2_ACRMI	36.842	133	42	2	390	1	2276	2369	8.55e-13	81.3
Contig19180:30-39597	sp|B3EWZ6|MLRP2_ACRMI	40.179	112	65	2	21772	21443	1337	1448	8.99e-13	81.3
Contig19180:30-39597	sp|B3EWZ6|MLRP2_ACRMI	45.745	94	42	4	28972	28706	413	502	1.18e-12	80.9
Contig19180:30-39597	sp|B3EWZ6|MLRP2_ACRMI	40.625	96	54	2	18230	17943	1970	2062	1.60e-12	80.5
Contig19180:30-39597	sp|B3EWZ6|MLRP2_ACRMI	47.573	103	53	1	12194	11886	890	991	1.61e-12	80.5
Contig19180:30-39597	sp|B3EWZ6|MLRP2_ACRMI	44.944	89	48	1	2035	1772	1604	1692	1.68e-12	80.5
Contig19180:30-39597	sp|B3EWZ6|MLRP2_ACRMI	36.429	140	85	4	15091	14672	3417	3552	1.94e-12	80.1
Contig19180:30-39597	sp|B3EWZ6|MLRP2_ACRMI	42.529	87	48	1	16099	15845	773	859	2.02e-12	80.1
Contig19180:30-39597	sp|B3EWZ6|MLRP2_ACRMI	37.956	137	79	5	22699	22298	893	1026	2.02e-12	80.1
Contig19180:30-39597	sp|B3EWZ6|MLRP2_ACRMI	36.170	94	54	2	13217	12954	3263	3356	2.26e-12	54.7
Contig19180:30-39597	sp|B3EWZ6|MLRP2_ACRMI	51.163	43	21	0	13434	13306	3217	3259	2.26e-12	44.7
Contig19180:30-39597	sp|B3EWZ6|MLRP2_ACRMI	36.842	133	42	3	390	1	3218	3311	2.29e-12	80.1
Contig19180:30-39597	sp|B3EWZ6|MLRP2_ACRMI	43.478	92	49	2	23615	23340	245	333	2.58e-12	79.7
Contig19180:30-39597	sp|B3EWZ6|MLRP2_ACRMI	34.328	134	43	2	390	1	5328	5420	2.97e-12	79.7
Contig19180:30-39597	sp|B3EWZ6|MLRP2_ACRMI	46.914	81	40	2	35276	35037	773	851	3.88e-12	79.3
Contig19180:30-39597	sp|B3EWZ6|MLRP2_ACRMI	50.000	82	37	3	16102	15869	244	325	4.36e-12	79.0
Contig19180:30-39597	sp|B3EWZ6|MLRP2_ACRMI	45.122	82	44	1	28972	28730	2320	2401	5.47e-12	78.6
Contig19180:30-39597	sp|B3EWZ6|MLRP2_ACRMI	35.115	131	45	2	390	1	5770	5861	5.61e-12	78.6
Contig19180:30-39597	sp|B3EWZ6|MLRP2_ACRMI	44.037	109	57	3	21757	21443	311	419	5.75e-12	78.6
Contig19180:30-39597	sp|B3EWZ6|MLRP2_ACRMI	45.545	101	52	3	4793	4494	569	667	5.80e-12	78.6
Contig19180:30-39597	sp|B3EWZ6|MLRP2_ACRMI	33.083	133	47	2	390	1	4060	4153	7.70e-12	78.2
Contig19180:30-39597	sp|B3EWZ6|MLRP2_ACRMI	35.484	93	59	1	23621	23346	4102	4194	8.80e-12	78.2
Contig19180:30-39597	sp|B3EWZ6|MLRP2_ACRMI	45.122	82	43	1	18224	17979	773	852	9.03e-12	78.2
Contig19180:30-39597	sp|B3EWZ6|MLRP2_ACRMI	40.800	125	54	3	21760	21443	2203	2326	1.13e-11	77.8
Contig19180:30-39597	sp|B3EWZ6|MLRP2_ACRMI	46.667	90	44	2	28972	28706	936	1022	1.15e-11	77.8
Contig19180:30-39597	sp|B3EWZ6|MLRP2_ACRMI	41.414	99	51	2	18227	17931	2485	2576	1.18e-11	77.8
Contig19180:30-39597	sp|B3EWZ6|MLRP2_ACRMI	47.761	67	35	0	3225	3025	1972	2038	1.24e-11	77.4
Contig19180:30-39597	sp|B3EWZ6|MLRP2_ACRMI	40.000	120	70	2	21772	21419	3158	3277	1.31e-11	77.4
Contig19180:30-39597	sp|B3EWZ6|MLRP2_ACRMI	39.796	98	55	1	2035	1742	4532	4625	1.54e-11	77.4
Contig19180:30-39597	sp|B3EWZ6|MLRP2_ACRMI	38.532	109	45	4	9118	8795	2486	2573	1.58e-11	77.0
Contig19180:30-39597	sp|B3EWZ6|MLRP2_ACRMI	48.515	101	50	2	12194	11892	728	826	2.12e-11	76.6
Contig19180:30-39597	sp|B3EWZ6|MLRP2_ACRMI	40.659	91	52	2	23618	23346	2485	2573	2.12e-11	76.6
Contig19180:30-39597	sp|B3EWZ6|MLRP2_ACRMI	44.828	87	46	2	28987	28730	3092	3177	2.84e-11	76.3
Contig19180:30-39597	sp|B3EWZ6|MLRP2_ACRMI	39.286	84	51	0	18224	17973	3097	3180	3.16e-11	76.3
Contig19180:30-39597	sp|B3EWZ6|MLRP2_ACRMI	43.478	92	44	4	35285	35025	410	498	3.52e-11	75.9
Contig19180:30-39597	sp|B3EWZ6|MLRP2_ACRMI	36.283	113	64	3	21757	21443	2551	2663	3.86e-11	75.9
Contig19180:30-39597	sp|B3EWZ6|MLRP2_ACRMI	35.294	136	42	4	390	1	1054	1149	3.96e-11	75.9
Contig19180:30-39597	sp|B3EWZ6|MLRP2_ACRMI	48.485	99	48	3	12191	11901	3218	3315	4.24e-11	75.9
Contig19180:30-39597	sp|B3EWZ6|MLRP2_ACRMI	48.000	100	50	2	12197	11901	2439	2537	4.45e-11	75.9
Contig19180:30-39597	sp|B3EWZ6|MLRP2_ACRMI	45.055	91	44	3	33150	32893	413	502	4.61e-11	75.5
Contig19180:30-39597	sp|B3EWZ6|MLRP2_ACRMI	44.828	87	40	3	28975	28730	1273	1356	4.68e-11	75.5
Contig19180:30-39597	sp|B3EWZ6|MLRP2_ACRMI	36.905	84	51	2	13217	12966	4745	4826	5.07e-11	53.1
Contig19180:30-39597	sp|B3EWZ6|MLRP2_ACRMI	50.000	38	18	1	13431	13318	4702	4738	5.07e-11	41.6
Contig19180:30-39597	sp|B3EWZ6|MLRP2_ACRMI	40.698	86	47	2	16102	15857	3096	3181	6.27e-11	75.1
Contig19180:30-39597	sp|B3EWZ6|MLRP2_ACRMI	44.048	84	45	1	4763	4512	1802	1883	6.54e-11	75.1
Contig19180:30-39597	sp|B3EWZ6|MLRP2_ACRMI	47.761	67	35	0	3225	3025	2486	2552	6.94e-11	75.1
Contig19180:30-39597	sp|B3EWZ6|MLRP2_ACRMI	37.500	128	36	4	390	19	3052	3139	6.94e-11	75.1
Contig19180:30-39597	sp|B3EWZ6|MLRP2_ACRMI	34.586	133	45	3	390	1	2091	2184	8.06e-11	74.7
Contig19180:30-39597	sp|B3EWZ6|MLRP2_ACRMI	41.111	90	50	2	28972	28706	2486	2573	8.20e-11	74.7
Contig19180:30-39597	sp|B3EWZ6|MLRP2_ACRMI	35.507	138	82	5	15058	14648	6807	6938	1.02e-10	74.7
Contig19180:30-39597	sp|B3EWZ6|MLRP2_ACRMI	38.519	135	46	3	2758	2357	481	579	1.05e-10	74.3
Contig19180:30-39597	sp|B3EWZ6|MLRP2_ACRMI	39.000	100	58	1	4793	4494	926	1022	1.09e-10	74.3
Contig19180:30-39597	sp|B3EWZ6|MLRP2_ACRMI	40.449	89	51	1	33153	32893	1441	1529	1.15e-10	74.3
Contig19180:30-39597	sp|B3EWZ6|MLRP2_ACRMI	43.299	97	49	4	2059	1775	3090	3182	1.17e-10	74.3
Contig19180:30-39597	sp|B3EWZ6|MLRP2_ACRMI	45.556	90	46	1	16105	15845	1440	1529	1.41e-10	73.9
Contig19180:30-39597	sp|B3EWZ6|MLRP2_ACRMI	43.956	91	46	3	2035	1772	579	667	1.48e-10	73.9
Contig19180:30-39597	sp|B3EWZ6|MLRP2_ACRMI	44.565	92	47	3	4763	4497	2929	3019	1.53e-10	73.9
Contig19180:30-39597	sp|B3EWZ6|MLRP2_ACRMI	46.000	100	51	3	12194	11901	2090	2188	1.59e-10	73.9
Contig19180:30-39597	sp|B3EWZ6|MLRP2_ACRMI	50.000	74	35	2	3225	3007	3097	3169	1.60e-10	73.9
Contig19180:30-39597	sp|B3EWZ6|MLRP2_ACRMI	54.762	42	18	1	13431	13306	4905	4945	1.80e-10	46.6
Contig19180:30-39597	sp|B3EWZ6|MLRP2_ACRMI	34.444	90	50	4	13223	12963	4947	5030	1.80e-10	46.2
Contig19180:30-39597	sp|B3EWZ6|MLRP2_ACRMI	47.423	97	49	2	12194	11907	200	295	2.02e-10	73.6
Contig19180:30-39597	sp|B3EWZ6|MLRP2_ACRMI	39.785	93	46	5	13217	12954	6042	6129	2.47e-10	54.3
Contig19180:30-39597	sp|B3EWZ6|MLRP2_ACRMI	45.652	46	24	1	13434	13300	5995	6040	2.47e-10	38.1
Contig19180:30-39597	sp|B3EWZ6|MLRP2_ACRMI	43.269	104	48	4	22660	22367	549	647	2.66e-10	73.2
Contig19180:30-39597	sp|B3EWZ6|MLRP2_ACRMI	47.115	104	52	3	12194	11883	4487	4587	2.75e-10	73.2
Contig19180:30-39597	sp|B3EWZ6|MLRP2_ACRMI	42.708	96	51	3	22657	22379	1072	1166	2.80e-10	73.2
Contig19180:30-39597	sp|B3EWZ6|MLRP2_ACRMI	40.476	84	49	1	35282	35034	243	326	2.94e-10	73.2
Contig19180:30-39597	sp|B3EWZ6|MLRP2_ACRMI	39.623	106	52	4	4799	4494	405	502	2.94e-10	73.2
Contig19180:30-39597	sp|B3EWZ6|MLRP2_ACRMI	31.522	92	60	3	13223	12951	5605	5694	3.23e-10	58.9
Contig19180:30-39597	sp|B3EWZ6|MLRP2_ACRMI	37.500	48	24	2	13431	13306	5556	5603	3.23e-10	33.1
Contig19180:30-39597	sp|B3EWZ6|MLRP2_ACRMI	42.857	91	48	2	2035	1772	2320	2409	3.28e-10	72.8
Contig19180:30-39597	sp|B3EWZ6|MLRP2_ACRMI	32.836	134	48	3	399	1	4699	4791	3.28e-10	72.8
Contig19180:30-39597	sp|B3EWZ6|MLRP2_ACRMI	41.584	101	56	3	12194	11898	4059	4158	3.72e-10	72.8
Contig19180:30-39597	sp|B3EWZ6|MLRP2_ACRMI	44.048	84	44	2	33156	32914	243	326	4.74e-10	72.4
Contig19180:30-39597	sp|B3EWZ6|MLRP2_ACRMI	38.202	89	54	1	33156	32893	771	859	5.07e-10	72.4
Contig19180:30-39597	sp|B3EWZ6|MLRP2_ACRMI	43.023	86	46	2	35276	35022	936	1019	5.56e-10	72.0
Contig19180:30-39597	sp|B3EWZ6|MLRP2_ACRMI	43.956	91	49	2	23615	23346	2320	2409	5.89e-10	72.0
Contig19180:30-39597	sp|B3EWZ6|MLRP2_ACRMI	40.449	89	51	2	2035	1772	2486	2573	6.25e-10	72.0
Contig19180:30-39597	sp|B3EWZ6|MLRP2_ACRMI	41.111	90	51	2	33156	32893	1970	2059	6.68e-10	71.6
Contig19180:30-39597	sp|B3EWZ6|MLRP2_ACRMI	36.957	92	52	2	23615	23352	2929	3018	7.32e-10	71.6
Contig19180:30-39597	sp|B3EWZ6|MLRP2_ACRMI	35.766	137	70	6	22699	22334	3636	3769	7.32e-10	71.6
Contig19180:30-39597	sp|B3EWZ6|MLRP2_ACRMI	39.080	87	45	2	18227	17982	1273	1356	7.63e-10	71.6
Contig19180:30-39597	sp|B3EWZ6|MLRP2_ACRMI	29.310	174	99	8	15049	14579	4905	5071	7.76e-10	71.6
Contig19180:30-39597	sp|B3EWZ6|MLRP2_ACRMI	38.710	93	55	1	23618	23340	4531	4621	8.65e-10	71.6
Contig19180:30-39597	sp|B3EWZ6|MLRP2_ACRMI	38.202	89	52	2	2035	1772	773	859	1.15e-09	70.9
Contig19180:30-39597	sp|B3EWZ6|MLRP2_ACRMI	38.393	112	60	3	22684	22367	2282	2390	1.15e-09	70.9
Contig19180:30-39597	sp|B3EWZ6|MLRP2_ACRMI	28.736	174	85	2	22693	22280	5128	5298	1.22e-09	70.9
Contig19180:30-39597	sp|B3EWZ6|MLRP2_ACRMI	40.000	85	50	1	9046	8795	1608	1692	1.26e-09	70.9
Contig19180:30-39597	sp|B3EWZ6|MLRP2_ACRMI	46.392	97	50	2	12194	11907	3633	3728	1.50e-09	70.5
Contig19180:30-39597	sp|B3EWZ6|MLRP2_ACRMI	41.667	96	51	3	28987	28706	1437	1529	1.63e-09	70.5
Contig19180:30-39597	sp|B3EWZ6|MLRP2_ACRMI	42.553	94	46	5	23615	23346	413	502	1.90e-09	70.5
Contig19180:30-39597	sp|B3EWZ6|MLRP2_ACRMI	38.843	121	59	7	22699	22367	8	123	2.05e-09	70.1
Contig19180:30-39597	sp|B3EWZ6|MLRP2_ACRMI	37.931	87	52	2	35279	35022	1971	2056	2.36e-09	70.1
Contig19180:30-39597	sp|B3EWZ6|MLRP2_ACRMI	41.905	105	59	2	12191	11883	6	110	2.42e-09	70.1
Contig19180:30-39597	sp|B3EWZ6|MLRP2_ACRMI	36.782	87	53	1	16099	15845	2657	2743	2.63e-09	69.7
Contig19180:30-39597	sp|B3EWZ6|MLRP2_ACRMI	38.318	107	59	2	9046	8732	417	518	2.70e-09	69.7
Contig19180:30-39597	sp|B3EWZ6|MLRP2_ACRMI	36.667	120	67	4	21754	21419	1868	1986	2.81e-09	69.7
Contig19180:30-39597	sp|B3EWZ6|MLRP2_ACRMI	38.636	88	52	2	33150	32893	2486	2573	3.38e-09	69.3
Contig19180:30-39597	sp|B3EWZ6|MLRP2_ACRMI	43.023	86	46	2	35276	35022	2657	2740	3.41e-09	69.3
Contig19180:30-39597	sp|B3EWZ6|MLRP2_ACRMI	46.875	96	50	1	12194	11907	5769	5863	3.61e-09	69.3
Contig19180:30-39597	sp|B3EWZ6|MLRP2_ACRMI	39.362	94	55	2	4772	4494	3675	3767	4.06e-09	69.3
Contig19180:30-39597	sp|B3EWZ6|MLRP2_ACRMI	37.931	87	48	2	16099	15857	1274	1360	4.49e-09	68.9
Contig19180:30-39597	sp|B3EWZ6|MLRP2_ACRMI	39.286	84	50	1	9046	8795	940	1022	4.68e-09	68.9
Contig19180:30-39597	sp|B3EWZ6|MLRP2_ACRMI	38.889	90	52	1	4763	4494	2657	2743	5.96e-09	68.6
Contig19180:30-39597	sp|B3EWZ6|MLRP2_ACRMI	54.717	53	24	0	25609	25451	773	825	6.82e-09	68.6
Contig19180:30-39597	sp|B3EWZ6|MLRP2_ACRMI	42.857	91	48	2	4763	4494	4532	4619	7.11e-09	68.6
Contig19180:30-39597	sp|B3EWZ6|MLRP2_ACRMI	36.559	93	55	3	28975	28706	4103	4194	7.41e-09	68.2
Contig19180:30-39597	sp|B3EWZ6|MLRP2_ACRMI	38.947	95	50	4	18251	17982	403	494	9.68e-09	67.8
Contig19180:30-39597	sp|B3EWZ6|MLRP2_ACRMI	38.060	134	74	1	2758	2357	121	245	1.02e-08	67.8
Contig19180:30-39597	sp|B3EWZ6|MLRP2_ACRMI	40.566	106	55	3	12191	11895	2605	2709	1.03e-08	67.8
Contig19180:30-39597	sp|B3EWZ6|MLRP2_ACRMI	40.217	92	52	2	4763	4494	2136	2226	1.07e-08	67.8
Contig19180:30-39597	sp|B3EWZ6|MLRP2_ACRMI	40.964	83	48	1	23615	23370	52	134	1.10e-08	67.8
Contig19180:30-39597	sp|B3EWZ6|MLRP2_ACRMI	38.636	88	50	2	16099	15845	936	1022	1.10e-08	67.8
Contig19180:30-39597	sp|B3EWZ6|MLRP2_ACRMI	41.573	89	50	2	2035	1772	1972	2059	1.10e-08	67.8
Contig19180:30-39597	sp|B3EWZ6|MLRP2_ACRMI	34.862	109	52	3	9118	8795	2136	2226	1.11e-08	67.8
Contig19180:30-39597	sp|B3EWZ6|MLRP2_ACRMI	29.078	141	93	1	22699	22298	2607	2747	1.12e-08	67.8
Contig19180:30-39597	sp|B3EWZ6|MLRP2_ACRMI	48.421	95	47	2	12191	11907	5125	5217	1.13e-08	67.8
Contig19180:30-39597	sp|B3EWZ6|MLRP2_ACRMI	50.794	63	30	1	26259	26074	3210	3272	1.14e-08	67.8
Contig19180:30-39597	sp|B3EWZ6|MLRP2_ACRMI	44.444	81	40	3	35279	35049	1273	1352	1.15e-08	67.8
Contig19180:30-39597	sp|B3EWZ6|MLRP2_ACRMI	44.444	99	51	2	12194	11907	1229	1326	1.22e-08	67.8
Contig19180:30-39597	sp|B3EWZ6|MLRP2_ACRMI	40.260	77	43	2	23615	23391	1274	1349	1.36e-08	67.4
Contig19180:30-39597	sp|B3EWZ6|MLRP2_ACRMI	40.816	98	49	4	23615	23340	5370	5464	1.60e-08	67.4
Contig19180:30-39597	sp|B3EWZ6|MLRP2_ACRMI	48.529	68	34	1	3225	3025	245	312	1.63e-08	67.4
Contig19180:30-39597	sp|B3EWZ6|MLRP2_ACRMI	41.176	85	47	2	4763	4515	52	135	1.64e-08	67.4
Contig19180:30-39597	sp|B3EWZ6|MLRP2_ACRMI	32.919	161	78	4	2758	2357	5012	5169	1.70e-08	67.0
Contig19180:30-39597	sp|B3EWZ6|MLRP2_ACRMI	39.286	84	47	2	35276	35031	1442	1523	1.75e-08	67.0
Contig19180:30-39597	sp|B3EWZ6|MLRP2_ACRMI	38.043	92	54	2	23621	23346	934	1022	1.80e-08	67.0
Contig19180:30-39597	sp|B3EWZ6|MLRP2_ACRMI	55.357	56	23	1	27682	27521	244	299	1.91e-08	67.0
Contig19180:30-39597	sp|B3EWZ6|MLRP2_ACRMI	34.752	141	54	4	2770	2354	1339	1443	1.92e-08	67.0
Contig19180:30-39597	sp|B3EWZ6|MLRP2_ACRMI	40.404	99	55	3	22657	22373	2107	2205	2.09e-08	67.0
Contig19180:30-39597	sp|B3EWZ6|MLRP2_ACRMI	39.796	98	55	3	2059	1772	238	333	2.12e-08	67.0
Contig19180:30-39597	sp|B3EWZ6|MLRP2_ACRMI	35.455	110	47	3	9118	8795	1972	2059	2.25e-08	66.6
Contig19180:30-39597	sp|B3EWZ6|MLRP2_ACRMI	35.227	88	54	1	16099	15845	1972	2059	2.27e-08	66.6
Contig19180:30-39597	sp|B3EWZ6|MLRP2_ACRMI	41.758	91	46	3	16099	15845	413	502	2.35e-08	66.6
Contig19180:30-39597	sp|B3EWZ6|MLRP2_ACRMI	34.884	86	54	1	18230	17973	934	1017	2.53e-08	66.6
Contig19180:30-39597	sp|B3EWZ6|MLRP2_ACRMI	54.902	51	23	0	25609	25457	936	986	2.60e-08	66.6
Contig19180:30-39597	sp|B3EWZ6|MLRP2_ACRMI	36.957	92	51	3	16105	15851	2927	3018	2.85e-08	66.2
Contig19180:30-39597	sp|B3EWZ6|MLRP2_ACRMI	36.296	135	49	4	2758	2357	2388	2486	3.09e-08	66.2
Contig19180:30-39597	sp|B3EWZ6|MLRP2_ACRMI	37.778	90	53	2	23615	23346	2657	2743	3.48e-08	66.2
Contig19180:30-39597	sp|B3EWZ6|MLRP2_ACRMI	41.463	82	47	1	4763	4518	1101	1181	3.98e-08	65.9
Contig19180:30-39597	sp|B3EWZ6|MLRP2_ACRMI	37.719	114	63	4	22681	22349	5777	5885	4.08e-08	65.9
Contig19180:30-39597	sp|B3EWZ6|MLRP2_ACRMI	39.024	82	48	1	18224	17979	2657	2736	4.25e-08	65.9
Contig19180:30-39597	sp|B3EWZ6|MLRP2_ACRMI	35.227	88	54	1	16099	15845	2486	2573	4.29e-08	65.9
Contig19180:30-39597	sp|B3EWZ6|MLRP2_ACRMI	32.967	91	60	1	23615	23346	2136	2226	4.78e-08	65.9
Contig19180:30-39597	sp|B3EWZ6|MLRP2_ACRMI	43.158	95	49	3	4766	4494	5369	5462	4.82e-08	65.5
Contig19180:30-39597	sp|B3EWZ6|MLRP2_ACRMI	55.556	54	24	0	27682	27521	772	825	5.02e-08	65.5
Contig19180:30-39597	sp|B3EWZ6|MLRP2_ACRMI	45.205	73	37	2	25609	25400	3263	3335	5.07e-08	65.5
Contig19180:30-39597	sp|B3EWZ6|MLRP2_ACRMI	37.273	110	63	4	22681	22367	1237	1345	5.60e-08	65.5
Contig19180:30-39597	sp|B3EWZ6|MLRP2_ACRMI	50.820	61	29	1	26253	26074	2435	2495	5.60e-08	65.5
Contig19180:30-39597	sp|B3EWZ6|MLRP2_ACRMI	38.636	88	51	2	23621	23358	3095	3179	5.89e-08	65.5
Contig19180:30-39597	sp|B3EWZ6|MLRP2_ACRMI	40.000	75	44	1	23615	23391	1604	1677	6.19e-08	65.5
Contig19180:30-39597	sp|B3EWZ6|MLRP2_ACRMI	38.333	120	61	5	21769	21443	1163	1280	6.35e-08	65.1
Contig19180:30-39597	sp|B3EWZ6|MLRP2_ACRMI	52.830	53	24	1	25612	25457	1603	1655	6.79e-08	65.1
Contig19180:30-39597	sp|B3EWZ6|MLRP2_ACRMI	51.667	60	28	1	26253	26077	2085	2144	8.02e-08	65.1
Contig19180:30-39597	sp|B3EWZ6|MLRP2_ACRMI	40.426	94	51	4	22693	22424	3221	3313	8.29e-08	64.7
Contig19180:30-39597	sp|B3EWZ6|MLRP2_ACRMI	40.449	89	51	2	16105	15845	5605	5693	8.65e-08	64.7
Contig19180:30-39597	sp|B3EWZ6|MLRP2_ACRMI	37.079	89	55	1	33156	32893	934	1022	9.09e-08	64.7
Contig19180:30-39597	sp|B3EWZ6|MLRP2_ACRMI	45.361	97	50	2	12191	11907	2276	2371	9.48e-08	64.7
Contig19180:30-39597	sp|B3EWZ6|MLRP2_ACRMI	38.462	91	51	3	18227	17967	2928	3017	9.48e-08	64.7
Contig19180:30-39597	sp|B3EWZ6|MLRP2_ACRMI	33.333	105	65	2	9046	8732	4536	4635	1.01e-07	64.7
Contig19180:30-39597	sp|B3EWZ6|MLRP2_ACRMI	32.847	137	78	4	3372	3001	716	851	1.03e-07	64.7
Contig19180:30-39597	sp|B3EWZ6|MLRP2_ACRMI	35.238	105	66	2	22681	22367	4709	4811	1.08e-07	64.3
Contig19180:30-39597	sp|B3EWZ6|MLRP2_ACRMI	27.393	303	153	11	21760	21026	643	936	1.20e-07	64.3
Contig19180:30-39597	sp|B3EWZ6|MLRP2_ACRMI	35.870	92	56	2	4766	4494	1603	1692	1.20e-07	64.3
Contig19180:30-39597	sp|B3EWZ6|MLRP2_ACRMI	38.095	84	48	3	23615	23367	1802	1882	1.31e-07	64.3
Contig19180:30-39597	sp|B3EWZ6|MLRP2_ACRMI	35.135	111	52	2	9127	8795	1439	1529	1.35e-07	64.3
Contig19180:30-39597	sp|B3EWZ6|MLRP2_ACRMI	58.929	56	19	2	27682	27524	3096	3150	1.38e-07	64.3
Contig19180:30-39597	sp|B3EWZ6|MLRP2_ACRMI	40.449	89	46	3	28978	28727	2927	3013	1.43e-07	63.9
Contig19180:30-39597	sp|B3EWZ6|MLRP2_ACRMI	37.037	108	59	4	9046	8732	1105	1206	1.46e-07	63.9
Contig19180:30-39597	sp|B3EWZ6|MLRP2_ACRMI	38.017	121	61	5	9046	8702	56	168	1.48e-07	63.9
Contig19180:30-39597	sp|B3EWZ6|MLRP2_ACRMI	40.244	82	47	2	35276	35034	2486	2566	1.48e-07	63.9
Contig19180:30-39597	sp|B3EWZ6|MLRP2_ACRMI	36.697	109	64	3	22699	22388	5998	6106	1.48e-07	63.9
Contig19180:30-39597	sp|B3EWZ6|MLRP2_ACRMI	46.341	41	22	0	13431	13309	4279	4319	1.51e-07	45.8
Contig19180:30-39597	sp|B3EWZ6|MLRP2_ACRMI	29.268	82	57	1	13217	12972	4324	4404	1.51e-07	37.0
Contig19180:30-39597	sp|B3EWZ6|MLRP2_ACRMI	41.573	89	44	3	35276	35022	6042	6126	1.51e-07	63.9
Contig19180:30-39597	sp|B3EWZ6|MLRP2_ACRMI	51.923	52	25	0	27679	27524	413	464	1.54e-07	63.9
Contig19180:30-39597	sp|B3EWZ6|MLRP2_ACRMI	45.000	100	50	3	12194	11907	1053	1151	1.65e-07	63.9
Contig19180:30-39597	sp|B3EWZ6|MLRP2_ACRMI	34.091	88	55	3	13217	12954	6854	6938	1.77e-07	46.2
Contig19180:30-39597	sp|B3EWZ6|MLRP2_ACRMI	40.816	49	28	1	13452	13306	6803	6850	1.77e-07	36.6
Contig19180:30-39597	sp|B3EWZ6|MLRP2_ACRMI	35.106	94	61	0	22693	22412	3434	3527	1.79e-07	63.9
Contig19180:30-39597	sp|B3EWZ6|MLRP2_ACRMI	48.454	97	48	2	12194	11907	1756	1851	1.80e-07	63.9
Contig19180:30-39597	sp|B3EWZ6|MLRP2_ACRMI	28.824	170	67	3	21775	21428	4166	4335	1.82e-07	63.9
Contig19180:30-39597	sp|B3EWZ6|MLRP2_ACRMI	35.507	138	50	3	2758	2354	1001	1102	1.91e-07	63.5
Contig19180:30-39597	sp|B3EWZ6|MLRP2_ACRMI	41.748	103	57	3	12194	11892	533	634	2.13e-07	63.5
Contig19180:30-39597	sp|B3EWZ6|MLRP2_ACRMI	68.421	38	12	0	25108	24995	1677	1714	2.19e-07	63.5
Contig19180:30-39597	sp|B3EWZ6|MLRP2_ACRMI	34.211	114	70	2	22693	22367	2888	3001	2.22e-07	63.5
Contig19180:30-39597	sp|B3EWZ6|MLRP2_ACRMI	55.357	56	21	1	27679	27524	1274	1329	2.24e-07	63.5
Contig19180:30-39597	sp|B3EWZ6|MLRP2_ACRMI	40.278	72	42	1	18230	18015	577	647	2.26e-07	63.5
Contig19180:30-39597	sp|B3EWZ6|MLRP2_ACRMI	35.714	84	49	2	33150	32914	1274	1357	2.34e-07	63.5
Contig19180:30-39597	sp|B3EWZ6|MLRP2_ACRMI	40.659	91	50	4	28972	28706	579	667	2.63e-07	63.2
Contig19180:30-39597	sp|B3EWZ6|MLRP2_ACRMI	40.426	94	48	4	28972	28706	2136	2226	2.67e-07	63.2
Contig19180:30-39597	sp|B3EWZ6|MLRP2_ACRMI	35.252	139	54	5	21754	21443	1671	1808	2.95e-07	63.2
Contig19180:30-39597	sp|B3EWZ6|MLRP2_ACRMI	35.294	136	45	5	399	1	5993	6088	2.95e-07	63.2
Contig19180:30-39597	sp|B3EWZ6|MLRP2_ACRMI	58.491	53	21	1	27679	27524	1802	1854	3.11e-07	63.2
Contig19180:30-39597	sp|B3EWZ6|MLRP2_ACRMI	49.315	73	31	3	3225	3019	413	483	3.11e-07	63.2
Contig19180:30-39597	sp|B3EWZ6|MLRP2_ACRMI	36.082	97	61	1	4781	4494	4098	4194	3.18e-07	62.8
Contig19180:30-39597	sp|B3EWZ6|MLRP2_ACRMI	44.578	83	40	3	16099	15869	52	134	3.27e-07	62.8
Contig19180:30-39597	sp|B3EWZ6|MLRP2_ACRMI	33.036	112	61	3	21742	21449	6547	6658	3.35e-07	62.8
Contig19180:30-39597	sp|B3EWZ6|MLRP2_ACRMI	43.333	90	38	4	33159	32917	49	134	3.41e-07	62.8
Contig19180:30-39597	sp|B3EWZ6|MLRP2_ACRMI	39.175	97	54	4	3303	3025	26	121	3.52e-07	62.8
Contig19180:30-39597	sp|B3EWZ6|MLRP2_ACRMI	43.077	65	36	1	20835	20641	936	999	3.76e-07	62.8
Contig19180:30-39597	sp|B3EWZ6|MLRP2_ACRMI	35.417	96	58	2	18227	17940	1801	1892	3.89e-07	62.8
Contig19180:30-39597	sp|B3EWZ6|MLRP2_ACRMI	40.230	87	48	3	35279	35025	5168	5252	3.99e-07	62.8
Contig19180:30-39597	sp|B3EWZ6|MLRP2_ACRMI	40.217	92	50	4	28972	28706	3678	3767	4.02e-07	62.8
Contig19180:30-39597	sp|B3EWZ6|MLRP2_ACRMI	52.632	57	25	1	27679	27515	1101	1157	4.27e-07	62.4
Contig19180:30-39597	sp|B3EWZ6|MLRP2_ACRMI	29.268	123	84	2	22693	22334	4491	4613	4.27e-07	62.4
Contig19180:30-39597	sp|B3EWZ6|MLRP2_ACRMI	40.404	99	57	1	12194	11898	1560	1656	5.00e-07	62.4
Contig19180:30-39597	sp|B3EWZ6|MLRP2_ACRMI	51.852	54	24	1	27679	27524	2136	2189	5.35e-07	62.0
Contig19180:30-39597	sp|B3EWZ6|MLRP2_ACRMI	34.328	134	70	2	2758	2357	2205	2320	5.48e-07	62.0
Contig19180:30-39597	sp|B3EWZ6|MLRP2_ACRMI	58.140	43	18	0	25111	24983	2210	2252	5.62e-07	62.0
Contig19180:30-39597	sp|B3EWZ6|MLRP2_ACRMI	39.560	91	50	4	28972	28706	4532	4619	5.67e-07	62.0
Contig19180:30-39597	sp|B3EWZ6|MLRP2_ACRMI	37.363	91	51	2	16099	15845	2136	2226	5.86e-07	62.0
Contig19180:30-39597	sp|B3EWZ6|MLRP2_ACRMI	37.363	91	53	3	28972	28706	1604	1692	5.91e-07	62.0
Contig19180:30-39597	sp|B3EWZ6|MLRP2_ACRMI	42.647	68	35	2	20838	20641	578	643	6.16e-07	62.0
Contig19180:30-39597	sp|B3EWZ6|MLRP2_ACRMI	38.372	86	49	3	18224	17979	5370	5455	6.48e-07	62.0
Contig19180:30-39597	sp|B3EWZ6|MLRP2_ACRMI	35.294	102	60	3	2065	1772	1265	1364	6.59e-07	62.0
Contig19180:30-39597	sp|B3EWZ6|MLRP2_ACRMI	52.000	50	24	0	5283	5134	194	243	6.81e-07	62.0
Contig19180:30-39597	sp|B3EWZ6|MLRP2_ACRMI	33.577	137	83	5	15055	14657	3850	3982	6.87e-07	62.0
Contig19180:30-39597	sp|B3EWZ6|MLRP2_ACRMI	33.813	139	79	3	2764	2357	6726	6854	6.93e-07	62.0
Contig19180:30-39597	sp|B3EWZ6|MLRP2_ACRMI	36.620	142	46	4	2758	2357	2552	2657	6.99e-07	61.6
Contig19180:30-39597	sp|B3EWZ6|MLRP2_ACRMI	29.545	176	107	7	15052	14555	6431	6599	7.53e-07	61.6
Contig19180:30-39597	sp|B3EWZ6|MLRP2_ACRMI	33.333	90	56	2	28972	28706	2657	2743	7.72e-07	61.6
Contig19180:30-39597	sp|B3EWZ6|MLRP2_ACRMI	50.877	57	25	2	3225	3061	2136	2191	7.99e-07	61.6
Contig19180:30-39597	sp|B3EWZ6|MLRP2_ACRMI	35.106	94	55	2	2035	1772	3263	3356	8.19e-07	61.6
Contig19180:30-39597	sp|B3EWZ6|MLRP2_ACRMI	38.889	90	50	2	16099	15845	2320	2409	8.61e-07	61.6
Contig19180:30-39597	sp|B3EWZ6|MLRP2_ACRMI	38.947	95	52	2	2044	1775	2926	3019	8.68e-07	61.6
Contig19180:30-39597	sp|B3EWZ6|MLRP2_ACRMI	31.159	138	48	4	390	1	2605	2703	8.83e-07	61.6
Contig19180:30-39597	sp|B3EWZ6|MLRP2_ACRMI	53.448	58	24	3	25609	25445	2136	2193	9.36e-07	61.2
Contig19180:30-39597	sp|B3EWZ6|MLRP2_ACRMI	35.484	93	57	2	23621	23346	577	667	1.06e-06	61.2
Contig19180:30-39597	sp|B3EWZ6|MLRP2_ACRMI	39.560	91	53	2	2041	1772	1440	1529	1.07e-06	61.2
Contig19180:30-39597	sp|B3EWZ6|MLRP2_ACRMI	39.326	89	48	5	23615	23352	1442	1525	1.08e-06	61.2
Contig19180:30-39597	sp|B3EWZ6|MLRP2_ACRMI	35.556	90	54	2	35282	35025	2927	3016	1.10e-06	61.2
Contig19180:30-39597	sp|B3EWZ6|MLRP2_ACRMI	39.080	87	50	2	33150	32899	1101	1187	1.17e-06	61.2
Contig19180:30-39597	sp|B3EWZ6|MLRP2_ACRMI	48.235	85	40	3	2035	1784	5169	5250	1.21e-06	60.8
Contig19180:30-39597	sp|B3EWZ6|MLRP2_ACRMI	41.860	86	42	4	28972	28730	52	134	1.41e-06	60.8
Contig19180:30-39597	sp|B3EWZ6|MLRP2_ACRMI	40.000	90	51	3	2035	1772	1802	1890	1.45e-06	60.8
Contig19180:30-39597	sp|B3EWZ6|MLRP2_ACRMI	35.938	128	67	7	15019	14672	6617	6741	1.53e-06	60.8
Contig19180:30-39597	sp|B3EWZ6|MLRP2_ACRMI	31.008	129	48	3	390	10	4279	4368	1.55e-06	60.8
Contig19180:30-39597	sp|B3EWZ6|MLRP2_ACRMI	51.786	56	25	2	25612	25451	244	299	1.64e-06	60.5
Contig19180:30-39597	sp|B3EWZ6|MLRP2_ACRMI	25.616	203	136	7	22942	22367	3977	4175	1.78e-06	60.5
Contig19180:30-39597	sp|B3EWZ6|MLRP2_ACRMI	28.866	97	64	1	18227	17952	3262	3358	1.86e-06	60.5
Contig19180:30-39597	sp|B3EWZ6|MLRP2_ACRMI	41.379	87	47	2	16099	15851	1101	1187	1.87e-06	60.5
Contig19180:30-39597	sp|B3EWZ6|MLRP2_ACRMI	39.130	92	51	3	33153	32893	2135	2226	1.94e-06	60.5
Contig19180:30-39597	sp|B3EWZ6|MLRP2_ACRMI	37.500	88	48	3	9046	8795	249	333	2.05e-06	60.1
Contig19180:30-39597	sp|B3EWZ6|MLRP2_ACRMI	35.294	85	52	2	18224	17973	1442	1524	2.09e-06	60.1
Contig19180:30-39597	sp|B3EWZ6|MLRP2_ACRMI	35.075	134	55	3	2758	2357	312	413	2.11e-06	60.1
Contig19180:30-39597	sp|B3EWZ6|MLRP2_ACRMI	35.556	90	57	1	18224	17958	3678	3767	2.39e-06	60.1
Contig19180:30-39597	sp|B3EWZ6|MLRP2_ACRMI	52.727	55	24	2	26235	26074	2276	2329	2.51e-06	60.1
Contig19180:30-39597	sp|B3EWZ6|MLRP2_ACRMI	48.980	49	25	0	25609	25463	413	461	2.75e-06	59.7
Contig19180:30-39597	sp|B3EWZ6|MLRP2_ACRMI	47.273	55	29	0	3225	3061	1604	1658	2.97e-06	59.7
Contig19180:30-39597	sp|B3EWZ6|MLRP2_ACRMI	42.308	78	40	2	4763	4539	5814	5889	3.02e-06	59.7
Contig19180:30-39597	sp|B3EWZ6|MLRP2_ACRMI	46.552	58	29	1	25609	25442	1101	1158	3.12e-06	59.7
Contig19180:30-39597	sp|B3EWZ6|MLRP2_ACRMI	52.830	53	24	1	27679	27524	1972	2024	3.17e-06	59.7
Contig19180:30-39597	sp|B3EWZ6|MLRP2_ACRMI	35.714	84	52	1	18224	17979	52	135	3.28e-06	59.7
Contig19180:30-39597	sp|B3EWZ6|MLRP2_ACRMI	47.170	53	26	1	20835	20683	52	104	3.42e-06	59.7
Contig19180:30-39597	sp|B3EWZ6|MLRP2_ACRMI	35.417	96	59	3	35276	34992	4324	4417	3.59e-06	59.3
Contig19180:30-39597	sp|B3EWZ6|MLRP2_ACRMI	51.786	56	24	1	25609	25451	2320	2375	3.62e-06	59.3
Contig19180:30-39597	sp|B3EWZ6|MLRP2_ACRMI	40.909	88	44	3	35276	35028	2320	2404	3.91e-06	59.3
Contig19180:30-39597	sp|B3EWZ6|MLRP2_ACRMI	39.189	74	43	2	3225	3007	579	651	4.01e-06	59.3
Contig19180:30-39597	sp|B3EWZ6|MLRP2_ACRMI	43.284	67	38	0	3225	3025	1802	1868	4.18e-06	59.3
Contig19180:30-39597	sp|B3EWZ6|MLRP2_ACRMI	36.283	113	65	5	22684	22358	1567	1676	4.32e-06	59.3
Contig19180:30-39597	sp|B3EWZ6|MLRP2_ACRMI	38.776	98	52	3	35312	35037	4727	4822	4.39e-06	59.3
Contig19180:30-39597	sp|B3EWZ6|MLRP2_ACRMI	43.038	79	41	2	3225	3001	1101	1179	4.50e-06	59.3
Contig19180:30-39597	sp|B3EWZ6|MLRP2_ACRMI	37.647	85	50	3	35279	35031	578	661	4.54e-06	58.9
Contig19180:30-39597	sp|B3EWZ6|MLRP2_ACRMI	41.176	68	37	2	20835	20641	2136	2203	4.66e-06	58.9
Contig19180:30-39597	sp|B3EWZ6|MLRP2_ACRMI	39.683	63	37	1	20835	20647	2657	2718	4.78e-06	58.9
Contig19180:30-39597	sp|B3EWZ6|MLRP2_ACRMI	40.476	84	44	3	33150	32917	2929	3012	4.90e-06	58.9
Contig19180:30-39597	sp|B3EWZ6|MLRP2_ACRMI	53.488	43	19	1	13434	13306	6431	6472	5.42e-06	43.1
Contig19180:30-39597	sp|B3EWZ6|MLRP2_ACRMI	30.108	93	58	4	13217	12954	6474	6564	5.42e-06	34.3
Contig19180:30-39597	sp|B3EWZ6|MLRP2_ACRMI	38.462	65	39	1	20835	20641	773	836	5.46e-06	58.9
Contig19180:30-39597	sp|B3EWZ6|MLRP2_ACRMI	40.000	70	40	1	3228	3025	2319	2388	5.74e-06	58.9
Contig19180:30-39597	sp|B3EWZ6|MLRP2_ACRMI	40.741	81	43	3	33150	32923	5814	5894	5.84e-06	58.9
Contig19180:30-39597	sp|B3EWZ6|MLRP2_ACRMI	40.476	84	42	5	16099	15869	4104	4186	6.03e-06	58.5
Contig19180:30-39597	sp|B3EWZ6|MLRP2_ACRMI	35.366	82	52	1	18224	17982	2320	2401	6.29e-06	58.5
Contig19180:30-39597	sp|B3EWZ6|MLRP2_ACRMI	55.814	43	19	0	5265	5137	5327	5369	6.40e-06	58.5
Contig19180:30-39597	sp|B3EWZ6|MLRP2_ACRMI	31.868	91	59	2	2035	1772	4104	4194	6.50e-06	58.5
Contig19180:30-39597	sp|B3EWZ6|MLRP2_ACRMI	56.818	44	18	1	31896	31768	2441	2484	6.73e-06	58.5
Contig19180:30-39597	sp|B3EWZ6|MLRP2_ACRMI	32.381	105	65	2	9046	8732	2661	2759	7.13e-06	58.5
Contig19180:30-39597	sp|B3EWZ6|MLRP2_ACRMI	44.643	56	30	1	26241	26077	4277	4332	7.19e-06	58.5
Contig19180:30-39597	sp|B3EWZ6|MLRP2_ACRMI	41.429	70	38	1	3225	3025	1274	1343	7.31e-06	58.5
Contig19180:30-39597	sp|B3EWZ6|MLRP2_ACRMI	40.449	89	48	3	16099	15845	4532	4619	8.15e-06	58.2
Contig19180:30-39597	sp|B3EWZ6|MLRP2_ACRMI	37.349	83	49	2	16099	15860	1802	1884	8.22e-06	58.2
Contig19180:30-39597	sp|B3EWZ6|MLRP2_ACRMI	31.707	123	77	4	15055	14693	7173	7290	8.29e-06	58.2
Contig19180:30-39597	sp|B3EWZ6|MLRP2_ACRMI	40.367	109	63	2	12197	11874	5994	6101	8.50e-06	58.2
Contig19180:30-39597	sp|B3EWZ6|MLRP2_ACRMI	32.639	144	70	4	2758	2363	1671	1799	9.32e-06	58.2
Contig19180:30-39597	sp|B3EWZ6|MLRP2_ACRMI	48.529	68	33	2	3225	3025	4532	4598	9.55e-06	58.2
Contig19180:30-39597	sp|B3EWZ6|MLRP2_ACRMI	31.325	83	55	1	28978	28730	5605	5685	9.71e-06	58.2
Contig19180:30-39597	sp|B3EWZ6|MLRP2_ACRMI	33.708	89	53	2	35279	35031	3262	3350	9.80e-06	58.2
Contig19486:526-15575	sp|Q58DL5|BCAR3_BOVIN	37.931	174	104	2	14382	14897	648	819	8.29e-28	128
Contig19486:526-15575	sp|Q58DL5|BCAR3_BOVIN	32.157	255	167	4	11847	12593	123	377	3.86e-23	112
Contig19486:526-15575	sp|Q58DL5|BCAR3_BOVIN	46.392	97	49	1	13149	13430	506	602	5.83e-08	63.5
Contig1962:452-13230	sp|Q6NN85|SSH_DROME	58.667	75	30	1	12745	12521	351	424	1.26e-16	91.7
Contig1962:452-13230	sp|Q6NN85|SSH_DROME	61.224	49	19	0	12132	11986	410	458	7.29e-10	69.7
Contig19712:48920-52049	sp|Q2VPH1|F50AA_XENLA	78.621	145	31	0	467	33	195	339	7.49e-79	265
Contig19712:48920-52049	sp|Q2VPH1|F50AA_XENLA	51.389	72	34	1	3078	2866	1	72	3.28e-12	72.8
Contig19783:110-7638	sp|Q96JQ0|PCD16_HUMAN	44.444	144	72	3	3	425	465	603	3.04e-20	103
Contig19783:110-7638	sp|Q96JQ0|PCD16_HUMAN	38.889	144	85	2	3	431	571	712	7.22e-15	85.5
Contig19783:110-7638	sp|Q96JQ0|PCD16_HUMAN	40.870	115	66	1	6	350	1099	1211	5.91e-13	79.3
Contig19783:110-7638	sp|Q96JQ0|PCD16_HUMAN	37.405	131	76	1	3	395	1642	1766	7.05e-13	79.0
Contig19783:110-7638	sp|Q96JQ0|PCD16_HUMAN	37.500	128	75	2	3	383	1848	1971	9.06e-13	78.6
Contig19783:110-7638	sp|Q96JQ0|PCD16_HUMAN	35.099	151	85	6	3	449	248	387	1.88e-12	77.8
Contig19783:110-7638	sp|Q96JQ0|PCD16_HUMAN	35.000	140	88	2	3	422	2164	2300	4.38e-09	66.6
Contig19783:110-7638	sp|Q96JQ0|PCD16_HUMAN	30.833	120	79	2	1073	1429	635	751	1.28e-08	65.1
Contig19783:110-7638	sp|Q96JQ0|PCD16_HUMAN	35.246	122	69	3	1067	1420	1802	1917	1.55e-08	64.7
Contig19783:110-7638	sp|Q96JQ0|PCD16_HUMAN	34.454	119	73	4	6	362	1745	1858	4.66e-08	63.2
Contig19783:110-7638	sp|Q96JQ0|PCD16_HUMAN	32.680	153	86	6	3	431	355	500	7.46e-08	62.4
Contig19783:110-7638	sp|Q96JQ0|PCD16_HUMAN	30.282	142	94	2	6	431	1540	1676	1.68e-06	58.2
Contig19783:110-7638	sp|Q96JQ0|PCD16_HUMAN	31.034	145	94	3	3	431	887	1027	1.97e-06	57.8
Contig19783:110-7638	sp|Q96JQ0|PCD16_HUMAN	32.174	115	73	1	1073	1417	2764	2873	4.33e-06	56.6
Contig19783:110-7638	sp|Q96JQ0|PCD16_HUMAN	31.667	120	72	3	3	350	2369	2482	4.95e-06	56.6
Contig19783:110-7638	sp|Q96JQ0|PCD16_HUMAN	27.381	168	93	5	1073	1495	1160	1325	6.48e-06	56.2
Contig19785:13007-16663	sp|Q9VW71|FAT2_DROME	35.757	1183	646	18	105	3599	57	1143	0.0	684
Contig19785:13007-16663	sp|Q9VW71|FAT2_DROME	24.956	1138	665	32	411	3617	2530	3547	7.59e-65	246
Contig19785:13007-16663	sp|Q9VW71|FAT2_DROME	25.461	1084	666	35	342	3428	938	1934	1.20e-62	239
Contig19785:13007-16663	sp|Q9VW71|FAT2_DROME	25.714	1085	601	37	495	3497	779	1742	3.11e-59	229
Contig19785:13007-16663	sp|Q9VW71|FAT2_DROME	25.629	1034	585	32	339	3389	2817	3683	7.02e-56	218
Contig19785:13007-16663	sp|Q9VW71|FAT2_DROME	26.114	1122	714	32	234	3518	1966	2999	5.04e-52	205
Contig19785:13007-16663	sp|Q9VW71|FAT2_DROME	23.936	1128	693	34	237	3350	328	1380	9.87e-48	191
Contig19785:13007-16663	sp|Q9VW71|FAT2_DROME	23.931	1216	757	47	120	3596	1088	2192	2.92e-43	177
Contig19785:13007-16663	sp|Q9VW71|FAT2_DROME	25.341	880	537	32	1050	3569	1586	2385	8.87e-37	156
Contig19785:13007-16663	sp|Q9VW71|FAT2_DROME	26.368	603	380	22	162	1889	776	1341	3.34e-27	124
Contig19785:13007-16663	sp|Q9VW71|FAT2_DROME	24.900	502	329	22	225	1706	2174	2635	7.91e-17	90.9
Contig19787:13-4060	sp|Q8BNA6|FAT3_MOUSE	36.636	434	236	5	3791	2493	1773	2168	4.72e-61	235
Contig19787:13-4060	sp|Q8BNA6|FAT3_MOUSE	28.779	344	224	9	3791	2790	3135	3467	1.20e-17	93.6
Contig19787:13-4060	sp|Q8BNA6|FAT3_MOUSE	28.125	352	216	14	3791	2787	2291	2622	8.44e-16	87.4
Contig19787:13-4060	sp|Q8BNA6|FAT3_MOUSE	25.298	419	253	14	3719	2511	2835	3209	2.27e-14	82.8
Contig19787:13-4060	sp|Q8BNA6|FAT3_MOUSE	27.922	308	201	9	3719	2841	957	1258	3.67e-14	82.0
Contig19787:13-4060	sp|Q8BNA6|FAT3_MOUSE	30.864	324	199	14	3719	2790	1169	1481	7.03e-13	78.2
Contig19787:13-4060	sp|Q8BNA6|FAT3_MOUSE	24.408	422	264	12	3725	2502	745	1125	1.93e-12	76.6
Contig19787:13-4060	sp|Q8BNA6|FAT3_MOUSE	29.469	207	134	3	3785	3174	1049	1246	7.70e-11	71.2
Contig19787:13-4060	sp|Q8BNA6|FAT3_MOUSE	22.535	426	263	13	3794	2574	1564	1941	1.37e-08	63.9
Contig19787:13-4060	sp|Q8BNA6|FAT3_MOUSE	25.714	350	226	11	3794	2787	2189	2518	9.04e-07	57.8
Contig19827:48-3740	sp|Q9NR21|PAR11_HUMAN	37.143	105	53	3	3235	3519	237	338	5.68e-14	78.6
Contig20866:35-14729	sp|Q9P2F6|RHG20_HUMAN	35.227	88	57	0	11512	11775	475	562	1.83e-11	75.1
Contig21593:1639-5017	sp|Q7ZYP6|MCMBP_XENLA	32.520	123	43	3	1367	1005	225	309	2.99e-10	68.2
Contig22092:4223-8042	sp|Q9BX82|ZN471_HUMAN	27.245	323	182	9	3067	2231	297	610	1.06e-30	105
Contig22092:4223-8042	sp|Q9BX82|ZN471_HUMAN	34.884	86	51	3	3332	3081	210	292	1.06e-30	52.0
Contig22092:4223-8042	sp|Q9BX82|ZN471_HUMAN	30.450	289	160	8	3067	2231	269	526	7.85e-23	108
Contig22092:4223-8042	sp|Q9BX82|ZN471_HUMAN	30.939	181	110	2	2740	2237	262	440	5.85e-20	99.8
Contig22092:4223-8042	sp|Q9BX82|ZN471_HUMAN	38.017	121	72	2	2593	2231	184	301	2.91e-15	84.7
Contig22092:4223-8042	sp|Q9BX82|ZN471_HUMAN	26.471	204	125	5	2929	2360	433	625	7.64e-09	63.9
Contig22935:2175-29795	sp|Q9BX70|BTBD2_HUMAN	71.617	303	86	0	1943	2851	92	394	2.87e-143	463
Contig22935:2175-29795	sp|Q9BX70|BTBD2_HUMAN	75.926	54	12	1	5014	5172	472	525	8.53e-16	89.0
Contig22935:2175-29795	sp|Q9BX70|BTBD2_HUMAN	70.000	50	15	0	4048	4197	423	472	1.48e-13	82.0
Contig22935:2175-29795	sp|Q9BX70|BTBD2_HUMAN	87.097	31	4	0	3742	3834	394	424	5.65e-08	63.9
Contig23414:353-5446	sp|Q99758|ABCA3_HUMAN	33.333	372	235	5	2170	1070	869	1232	1.82e-51	204
Contig23414:353-5446	sp|Q99758|ABCA3_HUMAN	69.444	72	22	0	3801	3586	684	755	2.72e-23	112
Contig23414:353-5446	sp|Q99758|ABCA3_HUMAN	57.143	84	36	0	3264	3013	755	838	2.21e-21	106
Contig23414:353-5446	sp|Q99758|ABCA3_HUMAN	45.833	72	38	1	3798	3586	1535	1606	1.00e-11	74.3
Contig23414:353-5446	sp|Q99758|ABCA3_HUMAN	55.932	59	26	0	4430	4254	627	685	7.37e-09	65.1
Contig23414:353-5446	sp|Q99758|ABCA3_HUMAN	72.973	37	10	0	5069	4959	546	582	8.21e-08	61.6
Contig24215:399-22737	sp|P16546|SPTN1_MOUSE	49.606	127	64	0	8844	9224	1475	1601	3.60e-28	115
Contig24215:399-22737	sp|P16546|SPTN1_MOUSE	46.875	32	17	0	8662	8757	1447	1478	3.60e-28	36.2
Contig24215:399-22737	sp|P16546|SPTN1_MOUSE	45.865	133	72	0	8826	9224	491	623	2.09e-23	115
Contig24215:399-22737	sp|P16546|SPTN1_MOUSE	60.241	83	33	0	8976	9224	12	94	1.23e-17	96.3
Contig24215:399-22737	sp|P16546|SPTN1_MOUSE	56.250	64	28	0	10614	10805	765	828	3.16e-12	78.6
Contig24215:399-22737	sp|P16546|SPTN1_MOUSE	36.000	100	64	0	12332	12631	1697	1796	1.76e-10	72.8
Contig24215:399-22737	sp|P16546|SPTN1_MOUSE	31.538	130	88	1	8838	9224	1261	1390	2.07e-09	69.3
Contig24215:399-22737	sp|P16546|SPTN1_MOUSE	58.491	53	22	0	13668	13826	1227	1279	4.29e-09	68.2
Contig24215:399-22737	sp|P16546|SPTN1_MOUSE	36.634	101	57	3	13674	13961	251	349	1.56e-07	63.2
Contig24215:399-22737	sp|P16546|SPTN1_MOUSE	53.448	58	27	0	1461	1634	251	308	4.02e-07	61.6
Contig24215:399-22737	sp|P16546|SPTN1_MOUSE	34.343	99	65	0	12335	12631	718	816	7.54e-07	60.8
Contig24215:399-22737	sp|P16546|SPTN1_MOUSE	31.373	102	70	0	12332	12637	82	183	8.70e-07	60.5
Contig24215:399-22737	sp|P16546|SPTN1_MOUSE	42.857	63	36	0	10614	10802	1745	1807	8.77e-07	60.5
Contig24215:399-22737	sp|P16546|SPTN1_MOUSE	28.244	131	93	1	8835	9224	282	412	1.29e-06	52.4
Contig24215:399-22737	sp|P16546|SPTN1_MOUSE	31.111	45	29	1	8617	8745	240	284	1.29e-06	26.6
Contig24215:399-22737	sp|P16546|SPTN1_MOUSE	40.625	64	38	0	21942	22133	375	438	1.39e-06	59.7
Contig24215:399-22737	sp|P16546|SPTN1_MOUSE	30.303	99	69	0	12332	12628	823	921	4.46e-06	58.2
Contig25558:348-10264	sp|A8MPX8|PP2D1_HUMAN	55.556	63	28	0	7116	7304	398	460	2.17e-11	73.6
Contig25867:9236-12307	sp|Q96CX6|LRC58_HUMAN	50.331	151	64	2	938	1387	171	311	1.31e-31	131
Contig25952:4197-23355	sp|P36993|PPM1B_MOUSE	57.143	364	105	2	7336	6245	1	313	3.52e-131	422
Contig26006:1338-2750	sp|Q9R1W3|RN103_MOUSE	26.590	519	306	14	1412	6	162	655	1.32e-54	197
Contig26041:648-2749	sp|Q6NZL6|TONSL_MOUSE	65.217	69	24	0	3	209	556	624	9.69e-23	108
Contig2696:2126-12286	sp|Q4R7L8|NUD12_MACFA	37.398	246	125	5	5357	4707	70	315	1.68e-30	132
Contig2696:2126-12286	sp|Q4R7L8|NUD12_MACFA	61.905	63	23	1	4134	3946	302	363	3.56e-15	85.1
Contig2696:2126-12286	sp|Q4R7L8|NUD12_MACFA	71.154	52	15	0	2462	2307	360	411	2.65e-13	79.3
Contig2696:2126-12286	sp|Q4R7L8|NUD12_MACFA	51.064	47	23	0	436	296	411	457	2.41e-07	60.1
Contig2703:1302-8844	sp|Q80TY5|VP13B_MOUSE	55.363	289	120	3	1678	2520	2	289	2.51e-72	275
Contig2703:1302-8844	sp|Q80TY5|VP13B_MOUSE	27.419	248	152	8	5889	6593	51	283	1.53e-06	58.2
Contig2703:1302-8844	sp|Q80TY5|VP13B_MOUSE	38.095	63	39	0	5288	5476	482	544	4.70e-06	56.6
Contig27218:2763-4535	sp|Q920R0|ALS2_MOUSE	31.556	225	121	6	518	1168	79	278	8.96e-21	101
Contig27574:26241-34250	sp|Q3UZV7|K132L_MOUSE	48.387	93	48	0	1544	1266	362	454	1.24e-22	110
Contig2881:5881-16605	sp|O15084|ANR28_HUMAN	69.863	73	22	0	8293	8511	84	156	1.79e-24	117
Contig2881:5881-16605	sp|O15084|ANR28_HUMAN	45.098	102	47	2	9229	9534	154	246	5.92e-17	92.4
Contig2881:5881-16605	sp|O15084|ANR28_HUMAN	68.182	44	13	1	5953	6081	91	134	2.10e-16	67.8
Contig2881:5881-16605	sp|O15084|ANR28_HUMAN	46.809	47	25	0	6177	6317	170	216	2.10e-16	43.5
Contig2881:5881-16605	sp|O15084|ANR28_HUMAN	74.000	50	13	0	6177	6326	38	87	3.09e-13	80.5
Contig2881:5881-16605	sp|O15084|ANR28_HUMAN	58.108	74	31	0	10503	10724	199	272	5.48e-09	66.6
Contig29071:2242-36565	sp|Q96CD2|COAC_HUMAN	67.797	59	19	0	14198	14022	119	177	2.50e-20	97.1
Contig29071:2242-36565	sp|Q96CD2|COAC_HUMAN	76.190	42	10	0	15023	14898	79	120	6.37e-13	75.5
Contig29071:2457-14968	sp|Q4V8D9|LRC34_RAT	30.348	201	90	7	11580	12179	250	401	2.09e-09	67.0
Contig29071:2457-14968	sp|Q4V8D9|LRC34_RAT	64.444	45	16	0	8346	8480	126	170	1.08e-08	64.7
Contig29071:2457-14968	sp|Q4V8D9|LRC34_RAT	36.458	96	53	2	10309	10581	238	330	9.08e-07	58.5
Contig29071:2457-14968	sp|Q4V8D9|LRC34_RAT	55.814	43	19	0	8626	8754	172	214	8.23e-06	55.5
Contig295049:1443-5614	sp|Q8CFJ7|S2545_MOUSE	40.789	152	88	2	937	485	137	287	7.14e-27	115
Contig295049:1443-5614	sp|Q8CFJ7|S2545_MOUSE	34.884	86	43	3	739	482	3	75	2.57e-06	54.7
Contig29971:8146-38925	sp|Q80TY5|VP13B_MOUSE	29.084	251	145	6	12715	11984	1390	1614	1.17e-20	107
Contig29971:8146-38925	sp|Q80TY5|VP13B_MOUSE	25.177	282	130	8	11179	10556	1693	1967	7.04e-12	77.8
Contig29971:8146-38925	sp|Q80TY5|VP13B_MOUSE	34.653	101	63	3	25655	25359	1140	1239	1.92e-06	60.1
Contig30709:25401-32692	sp|Q8CCF0|PRP31_MOUSE	66.667	75	25	0	3292	3068	274	348	1.35e-21	105
Contig30709:25401-32692	sp|Q8CCF0|PRP31_MOUSE	64.407	59	21	0	4646	4470	227	285	3.29e-18	94.4
Contig30709:25401-32692	sp|Q8CCF0|PRP31_MOUSE	70.455	44	13	0	2474	2343	382	425	5.41e-16	65.5
Contig30709:25401-32692	sp|Q8CCF0|PRP31_MOUSE	72.000	25	7	0	2658	2584	362	386	5.41e-16	43.9
Contig30709:25401-32692	sp|Q8CCF0|PRP31_MOUSE	70.000	40	12	0	5187	5068	194	233	9.55e-08	61.2
Contig30709:25401-32692	sp|Q8CCF0|PRP31_MOUSE	73.529	34	9	0	7001	6900	107	140	1.66e-07	60.5
Contig30989:5357-6293	sp|Q5SNZ0|GRDN_MOUSE	28.293	205	136	3	9	590	1133	1337	9.13e-17	84.7
Contig31124:1946-6078	sp|Q8BJ64|CHDH_MOUSE	61.274	581	194	6	2405	4132	30	584	0.0	724
Contig31171:1437-38835	sp|Q8CJ40|CROCC_MOUSE	55.952	84	37	0	23346	23095	1249	1332	2.63e-15	89.4
Contig31171:1437-38835	sp|Q8CJ40|CROCC_MOUSE	47.959	98	51	0	5905	5612	1674	1771	2.46e-14	86.3
Contig31171:1437-38835	sp|Q8CJ40|CROCC_MOUSE	40.517	116	69	0	22586	22239	1332	1447	1.02e-11	77.4
Contig31171:1437-38835	sp|Q8CJ40|CROCC_MOUSE	29.379	177	72	1	24622	24092	1064	1187	5.80e-11	75.1
Contig31171:1437-38835	sp|Q8CJ40|CROCC_MOUSE	64.286	56	20	0	31056	30889	230	285	4.35e-09	68.9
Contig31171:1437-38835	sp|Q8CJ40|CROCC_MOUSE	51.389	72	33	2	35358	35146	113	183	6.04e-09	68.6
Contig31171:1437-38835	sp|Q8CJ40|CROCC_MOUSE	48.387	62	32	0	30499	30314	286	347	1.28e-08	67.4
Contig31171:1437-38835	sp|Q8CJ40|CROCC_MOUSE	49.180	61	31	0	7542	7360	1614	1674	2.13e-06	60.1
Contig31893:343-12507	sp|B7LT90|YMDB_ESCF3	44.118	68	33	2	3742	3939	42	106	2.37e-08	60.1
Contig320:24111-35848	sp|Q06BR2|A4_DORPE	77.083	48	11	0	1960	1817	563	610	1.49e-15	87.4
Contig320:24111-35848	sp|Q06BR2|A4_DORPE	45.570	79	40	2	11402	11175	111	189	1.59e-10	71.2
Contig32627:752-3771	sp|O95477|ABCA1_HUMAN	52.000	75	36	0	2125	2349	775	849	7.01e-18	93.6
Contig32627:752-3771	sp|O95477|ABCA1_HUMAN	51.316	76	37	0	1403	1630	704	779	5.40e-17	90.9
Contig32627:752-3771	sp|O95477|ABCA1_HUMAN	48.611	72	21	1	12	227	636	691	7.39e-10	67.4
Contig33119:1092-18804	sp|P98161|PKD1_HUMAN	22.353	765	535	19	15216	17441	1576	2304	9.71e-19	99.8
Contig33119:1092-18804	sp|P98161|PKD1_HUMAN	21.586	769	507	31	13692	15908	1433	2135	5.08e-15	87.4
Contig33796:1389-21057	sp|Q6ZPY2|SMG5_MOUSE	35.714	84	27	1	4017	4268	181	237	6.04e-09	50.1
Contig33796:1389-21057	sp|Q6ZPY2|SMG5_MOUSE	43.590	39	22	0	4381	4497	242	280	6.04e-09	36.6
Contig33796:1389-21057	sp|Q6ZPY2|SMG5_MOUSE	62.791	43	16	0	1815	1943	57	99	1.53e-08	65.9
Contig33796:1389-21057	sp|Q6ZPY2|SMG5_MOUSE	30.097	103	39	2	4855	4547	211	280	3.40e-06	46.2
Contig33796:1389-21057	sp|Q6ZPY2|SMG5_MOUSE	43.750	32	18	0	5030	4935	181	212	3.40e-06	31.2
Contig33796:1389-21057	sp|Q6ZPY2|SMG5_MOUSE	30.097	103	39	2	6918	6610	211	280	3.40e-06	46.2
Contig33796:1389-21057	sp|Q6ZPY2|SMG5_MOUSE	43.750	32	18	0	7093	6998	181	212	3.40e-06	31.2
Contig3381:238-1270	sp|Q7TMY8|HUWE1_MOUSE	87.879	33	4	0	101	3	497	529	4.03e-09	62.0
Contig3381:238-1270	sp|Q7TMY8|HUWE1_MOUSE	82.353	34	6	0	1029	928	428	461	5.83e-08	58.5
Contig3418:26-13504	sp|Q7TNL4|STK40_RAT	88.333	60	7	0	4620	4799	188	247	1.98e-24	113
Contig3418:26-13504	sp|Q7TNL4|STK40_RAT	53.333	90	39	1	3598	3867	104	190	1.35e-18	95.9
Contig3418:26-13504	sp|Q7TNL4|STK40_RAT	76.923	52	12	0	8374	8529	244	295	4.94e-18	94.0
Contig3418:26-13504	sp|Q7TNL4|STK40_RAT	51.648	91	33	4	2842	3105	34	116	1.76e-07	60.8
Contig35176:3383-34646	sp|O61307|TENM_DROME	36.522	460	233	3	15999	17378	1290	1690	5.18e-77	293
Contig35176:3383-34646	sp|O61307|TENM_DROME	27.376	526	369	8	20848	22413	1891	2407	4.25e-56	224
Contig35176:3383-34646	sp|O61307|TENM_DROME	53.957	139	64	0	14232	14648	990	1128	3.37e-43	181
Contig35176:3383-34646	sp|O61307|TENM_DROME	27.551	294	189	8	23010	23855	2421	2702	9.82e-24	117
Contig35176:3383-34646	sp|O61307|TENM_DROME	35.751	193	93	2	15020	15595	1128	1290	6.47e-22	111
Contig35176:3383-34646	sp|O61307|TENM_DROME	40.964	83	49	0	13256	13504	899	981	1.45e-12	80.1
Contig35176:3383-34646	sp|O61307|TENM_DROME	47.826	69	36	0	9916	10122	790	858	8.37e-12	77.8
Contig35176:3383-34646	sp|O61307|TENM_DROME	52.381	63	28	2	7631	7816	678	739	1.13e-11	77.4
Contig35176:3383-34646	sp|O61307|TENM_DROME	38.028	71	39	1	881	1078	405	475	3.02e-06	59.3
Contig35176:3383-34646	sp|O61307|TENM_DROME	31.395	86	58	1	20091	20345	1785	1870	3.72e-06	58.9
Contig35326:7997-11100	sp|P10073|ZSC22_HUMAN	40.426	141	72	2	929	507	275	403	1.71e-24	112
Contig35326:7997-11100	sp|P10073|ZSC22_HUMAN	37.302	126	70	1	884	507	343	459	4.32e-19	95.5
Contig35326:7997-11100	sp|P10073|ZSC22_HUMAN	36.800	125	70	1	884	510	371	486	7.12e-19	95.1
Contig35326:7997-11100	sp|P10073|ZSC22_HUMAN	42.308	78	45	0	740	507	270	347	5.84e-13	76.3
Contig35838:4968-24693	sp|A5D7H2|STRN3_BOVIN	71.930	57	16	0	5762	5592	517	573	2.81e-38	100
Contig35838:4968-24693	sp|A5D7H2|STRN3_BOVIN	95.000	40	2	0	5980	5861	478	517	2.81e-38	85.5
Contig35838:4968-24693	sp|A5D7H2|STRN3_BOVIN	79.688	64	13	0	2107	1916	734	797	3.35e-22	110
Contig35838:4968-24693	sp|A5D7H2|STRN3_BOVIN	49.123	114	18	2	10236	9919	478	559	1.80e-18	98.2
Contig35838:4968-24693	sp|A5D7H2|STRN3_BOVIN	56.604	53	23	0	4404	4246	576	628	1.64e-07	62.4
Contig35838:4968-24693	sp|A5D7H2|STRN3_BOVIN	78.125	32	7	0	3011	2916	682	713	6.16e-07	60.5
Contig35838:4968-24693	sp|A5D7H2|STRN3_BOVIN	83.871	31	5	0	2567	2475	712	742	1.51e-06	59.3
Contig35942:1175-20267	sp|P13808|B3A2_MOUSE	58.696	92	35	2	14996	14724	490	579	2.60e-14	84.7
Contig35942:1175-20267	sp|P13808|B3A2_MOUSE	52.632	76	18	1	13235	13008	669	726	1.09e-13	82.8
Contig35942:1175-20267	sp|P13808|B3A2_MOUSE	53.226	62	29	0	8946	8761	774	835	1.10e-11	76.3
Contig35942:1175-20267	sp|P13808|B3A2_MOUSE	48.101	79	41	0	5324	5088	1010	1088	7.45e-10	70.1
Contig35942:1175-20267	sp|P13808|B3A2_MOUSE	56.522	46	20	0	4290	4153	1109	1154	6.61e-08	63.9
Contig35942:1175-20267	sp|P13808|B3A2_MOUSE	54.902	51	23	0	11889	11737	725	775	8.36e-08	63.5
Contig36016:3313-23853	sp|B1AZI6|THOC2_MOUSE	67.797	59	19	0	9259	9083	968	1026	1.07e-17	96.3
Contig36016:3313-23853	sp|B1AZI6|THOC2_MOUSE	57.407	54	23	0	16073	15912	774	827	2.64e-11	75.1
Contig36016:3313-23853	sp|B1AZI6|THOC2_MOUSE	62.222	45	16	1	7455	7324	1063	1107	1.77e-09	69.3
Contig36016:3313-23853	sp|B1AZI6|THOC2_MOUSE	56.250	48	20	1	8316	8176	1015	1062	2.71e-08	65.5
Contig36016:3313-23853	sp|B1AZI6|THOC2_MOUSE	51.163	43	21	0	14121	13993	877	919	3.69e-06	58.2
Contig36640:633-13701	sp|Q68CP9|ARID2_HUMAN	33.333	72	48	0	2597	2812	372	443	4.97e-06	57.0
Contig36818:350-23478	sp|P15064|RASG_DICDI	64.407	59	21	0	15339	15163	50	108	5.41e-15	80.5
Contig36818:350-23478	sp|P15064|RASG_DICDI	54.717	53	24	0	14180	14022	112	164	5.16e-07	57.4
Contig37200:3880-11868	sp|Q13569|TDG_HUMAN	61.702	47	18	0	1238	1098	265	311	3.20e-08	62.4
Contig377:1232-13581	sp|Q6PB70|ANO8_MOUSE	62.921	89	31	1	3376	3642	735	821	4.97e-25	119
Contig37726:4121-29792	sp|A2XYY8|ANM61_ORYSI	41.071	336	187	3	24682	25659	42	376	2.42e-77	267
Contig39605:178-26306	sp|Q6ZTR5|CFA47_HUMAN	53.226	62	29	0	24780	24965	3061	3122	1.02e-09	70.5
Contig39605:178-26306	sp|Q6ZTR5|CFA47_HUMAN	40.476	84	49	1	13383	13631	1890	1973	2.47e-09	69.3
Contig39605:178-26306	sp|Q6ZTR5|CFA47_HUMAN	56.250	48	21	0	12664	12807	1844	1891	5.79e-08	64.7
Contig39605:178-26306	sp|Q6ZTR5|CFA47_HUMAN	43.939	66	37	0	17634	17831	2273	2338	1.26e-06	60.5
Contig39605:178-26306	sp|Q6ZTR5|CFA47_HUMAN	38.961	77	47	0	20982	21212	2653	2729	3.41e-06	58.9
Contig3986:6854-18555	sp|Q8CFE5|BTBD7_MOUSE	46.795	312	159	3	10268	9342	81	388	1.81e-79	293
Contig3986:6854-18555	sp|Q8CFE5|BTBD7_MOUSE	54.717	106	45	2	4483	4169	483	586	2.92e-26	123
Contig3986:6854-18555	sp|Q8CFE5|BTBD7_MOUSE	61.111	72	28	0	7746	7531	388	459	2.46e-18	97.4
Contig41684:8776-13197	sp|Q56A24|KLH24_RAT	26.483	472	320	12	2355	943	143	588	3.25e-38	156
Contig42678:250-24607	sp|Q0KK59|UNC79_MOUSE	45.283	53	29	0	2837	2995	322	374	1.99e-09	69.3
Contig42678:250-24607	sp|Q0KK59|UNC79_MOUSE	44.828	58	29	1	4014	4178	375	432	7.83e-06	57.4
Contig43285:2323-18070	sp|Q55G87|CANB1_DICDI	27.528	178	126	2	802	272	1	176	1.96e-15	81.3
Contig43436:1606-14308	sp|Q25452|CAC1M_MUSDO	53.125	160	31	2	7968	8447	542	657	1.28e-25	121
Contig43436:1606-14308	sp|Q25452|CAC1M_MUSDO	70.455	44	13	0	7072	7203	492	535	1.08e-13	65.1
Contig43436:1606-14308	sp|Q25452|CAC1M_MUSDO	72.727	22	6	0	7007	7072	470	491	1.08e-13	37.0
Contig43436:1606-14308	sp|Q25452|CAC1M_MUSDO	77.273	44	10	0	304	435	323	366	7.04e-12	76.3
Contig43436:1606-14308	sp|Q25452|CAC1M_MUSDO	48.750	80	31	3	6221	6460	466	535	8.17e-09	66.2
Contig43436:1606-14308	sp|Q25452|CAC1M_MUSDO	69.444	36	11	0	4206	4313	431	466	6.50e-07	60.1
Contig44384:6407-16623	sp|Q6P7L0|C10_XENTR	36.471	85	53	1	10178	9927	2	86	6.47e-12	68.9
Contig45164:7830-10071	sp|Q23551|UNC22_CAEEL	34.043	94	54	5	1120	1398	1990	2076	4.58e-07	57.8
Contig47538:4794-12236	sp|F1MBP6|KLHL3_BOVIN	43.571	140	78	1	7414	6998	24	163	3.90e-27	123
Contig47538:4794-12236	sp|F1MBP6|KLHL3_BOVIN	35.821	134	82	1	6782	6393	136	269	1.18e-16	90.1
Contig47538:4794-12236	sp|F1MBP6|KLHL3_BOVIN	35.616	73	47	0	1500	1282	367	439	1.73e-06	57.4
Contig47538:4794-12236	sp|F1MBP6|KLHL3_BOVIN	32.468	77	50	1	1512	1282	318	392	2.65e-06	56.6
Contig47538:4794-12236	sp|F1MBP6|KLHL3_BOVIN	33.333	75	48	1	1500	1282	414	488	5.80e-06	55.5
Contig48:18065-55913	sp|Q64398|DGKH_MESAU	83.019	53	9	0	22478	22320	789	841	9.40e-39	99.0
Contig48:18065-55913	sp|Q64398|DGKH_MESAU	85.714	35	5	0	22687	22583	755	789	9.40e-39	72.8
Contig48:18065-55913	sp|Q64398|DGKH_MESAU	68.421	19	6	0	22224	22168	840	858	9.40e-39	37.4
Contig49601:6679-27351	sp|P05990|PYR1_DROME	53.405	279	42	2	5310	6146	1147	1337	6.53e-71	271
Contig49601:6679-27351	sp|P05990|PYR1_DROME	73.810	42	11	0	4248	4373	1045	1086	4.76e-38	70.1
Contig49601:6679-27351	sp|P05990|PYR1_DROME	80.000	35	7	0	3846	3950	978	1012	4.76e-38	68.6
Contig49601:6679-27351	sp|P05990|PYR1_DROME	69.767	43	13	0	4046	4174	1010	1052	4.76e-38	67.0
Contig49601:6679-27351	sp|P05990|PYR1_DROME	72.619	84	23	0	3127	3378	896	979	3.56e-31	140
Contig49601:6679-27351	sp|P05990|PYR1_DROME	55.844	77	34	0	11011	11241	1741	1817	4.92e-30	96.3
Contig49601:6679-27351	sp|P05990|PYR1_DROME	61.702	47	17	1	10773	10913	1703	1748	4.92e-30	62.0
Contig49601:6679-27351	sp|P05990|PYR1_DROME	40.252	159	47	2	6337	6813	1339	1449	3.43e-24	117
Contig49601:6679-27351	sp|P05990|PYR1_DROME	80.952	84	12	1	1771	2022	687	766	3.42e-23	114
Contig49601:6679-27351	sp|P05990|PYR1_DROME	82.540	63	11	0	1043	1231	625	687	5.03e-23	114
Contig49601:6679-27351	sp|P05990|PYR1_DROME	79.032	62	13	0	4529	4714	1086	1147	1.13e-20	106
Contig49601:6679-27351	sp|P05990|PYR1_DROME	56.757	74	32	0	10084	10305	1629	1702	2.24e-17	95.5
Contig49601:6679-27351	sp|P05990|PYR1_DROME	79.070	43	9	0	15731	15859	2029	2071	3.61e-17	76.6
Contig49601:6679-27351	sp|P05990|PYR1_DROME	50.000	26	13	0	15568	15645	2001	2026	3.61e-17	38.1
Contig49601:6679-27351	sp|P05990|PYR1_DROME	54.167	72	33	0	7516	7731	1467	1538	2.40e-14	85.5
Contig49601:6679-27351	sp|P05990|PYR1_DROME	55.357	56	25	0	8641	8808	1536	1591	5.01e-12	77.8
Contig49601:6679-27351	sp|P05990|PYR1_DROME	66.038	53	18	0	16755	16913	2070	2122	1.27e-11	76.3
Contig49601:6679-27351	sp|P05990|PYR1_DROME	89.474	38	4	0	2285	2398	766	803	5.85e-11	74.3
Contig49601:6679-27351	sp|P05990|PYR1_DROME	68.627	51	16	0	14900	15052	1952	2002	7.78e-11	73.9
Contig49601:6679-27351	sp|P05990|PYR1_DROME	55.102	49	22	0	9130	9276	1591	1639	4.09e-07	61.6
Contig49938:888-7234	sp|Q13402|MYO7A_HUMAN	72.000	50	14	0	746	895	600	649	1.69e-15	87.4
Contig5002:4891-17790	sp|Q9HCS5|E41LA_HUMAN	58.333	36	15	0	12227	12334	110	145	1.40e-11	51.6
Contig5002:4891-17790	sp|Q9HCS5|E41LA_HUMAN	52.500	40	17	1	12421	12534	145	184	1.40e-11	43.5
Contig50077:406-10607	sp|Q8K3H5|MYO3A_MOUSE	80.435	46	9	0	7216	7079	707	752	8.28e-16	89.0
Contig50077:406-10607	sp|Q8K3H5|MYO3A_MOUSE	58.209	67	28	0	9836	9636	636	702	2.29e-11	74.3
Contig50077:406-10607	sp|Q8K3H5|MYO3A_MOUSE	56.863	51	22	0	213	61	949	999	1.40e-09	68.6
Contig50077:406-10607	sp|Q8K3H5|MYO3A_MOUSE	59.184	49	20	0	4164	4018	834	882	4.50e-07	60.1
Contig52039:598-5302	sp|Q5RA60|INP4B_PONAB	40.187	107	61	1	914	603	602	708	2.76e-13	79.0
Contig52148:4810-14009	sp|A4IF63|TRIM2_BOVIN	24.643	771	444	22	4678	6723	20	742	2.77e-58	221
Contig53393:1-3972	sp|Q2T9T9|FBXW9_BOVIN	32.323	99	56	3	3968	3678	266	355	1.42e-06	56.2
Contig54534:702-8723	sp|Q9ESJ4|SPN90_MOUSE	45.161	62	34	0	2701	2516	590	651	3.70e-08	63.2
Contig55191:20687-29871	sp|Q63164|DYH1_RAT	65.269	167	57	1	1107	607	3795	3960	6.25e-58	228
Contig55191:20687-29871	sp|Q63164|DYH1_RAT	59.538	173	27	1	3104	2586	3548	3677	1.25e-50	204
Contig55191:20687-29871	sp|Q63164|DYH1_RAT	66.393	122	41	0	6680	6315	3161	3282	4.02e-41	172
Contig55191:20687-29871	sp|Q63164|DYH1_RAT	41.204	216	68	3	9180	8572	2837	3006	7.91e-39	165
Contig55191:20687-29871	sp|Q63164|DYH1_RAT	67.742	93	30	0	6044	5766	3262	3354	9.94e-30	135
Contig55191:20687-29871	sp|Q63164|DYH1_RAT	61.458	96	33	1	2275	1988	3677	3768	8.79e-26	122
Contig55191:20687-29871	sp|Q63164|DYH1_RAT	58.511	94	39	0	4525	4244	3417	3510	6.46e-25	119
Contig55191:20687-29871	sp|Q63164|DYH1_RAT	80.392	51	10	0	3619	3467	3499	3549	6.80e-17	92.8
Contig55191:20687-29871	sp|Q63164|DYH1_RAT	68.627	51	16	0	1883	1731	3742	3792	1.72e-14	84.7
Contig55191:20687-29871	sp|Q63164|DYH1_RAT	82.927	41	7	0	134	12	3960	4000	6.34e-14	82.8
Contig55191:20687-29871	sp|Q63164|DYH1_RAT	63.830	47	17	0	5309	5169	3370	3416	2.65e-10	70.9
Contig55191:20687-29871	sp|Q63164|DYH1_RAT	43.103	58	33	0	7617	7444	3054	3111	1.02e-09	50.1
Contig55191:20687-29871	sp|Q63164|DYH1_RAT	61.290	31	12	0	7705	7613	3025	3055	1.02e-09	38.1
Contig55459:23-2885	sp|P53702|CCHL_MOUSE	71.429	35	10	0	1607	1503	104	138	1.08e-06	55.1
Contig56453:3643-10473	sp|B1AYB6|MBD5_MOUSE	47.222	72	38	0	15	230	44	115	2.96e-13	79.7
Contig565:20183-27628	sp|Q60636|PRDM1_MOUSE	77.215	158	34	2	881	408	589	744	6.89e-73	266
Contig565:20183-27628	sp|Q60636|PRDM1_MOUSE	47.191	89	47	0	6123	5857	167	255	1.09e-18	97.4
Contig56634:364-7347	sp|Q3U492|KCP_MOUSE	36.500	200	116	4	5187	5756	610	808	1.17e-30	115
Contig56634:364-7347	sp|Q3U492|KCP_MOUSE	24.727	275	154	9	4477	5211	366	617	1.17e-30	42.7
Contig56634:364-7347	sp|Q3U492|KCP_MOUSE	34.783	207	121	6	5172	5756	547	751	7.29e-25	118
Contig56634:364-7347	sp|Q3U492|KCP_MOUSE	35.678	199	119	6	5187	5759	789	986	1.48e-22	96.3
Contig56634:364-7347	sp|Q3U492|KCP_MOUSE	28.070	114	73	3	4885	5211	687	796	1.48e-22	35.4
Contig56634:364-7347	sp|Q3U492|KCP_MOUSE	35.025	197	120	5	5187	5756	434	629	2.11e-22	110
Contig56634:364-7347	sp|Q3U492|KCP_MOUSE	36.410	195	116	5	5193	5759	677	869	1.22e-20	104
Contig56634:364-7347	sp|Q3U492|KCP_MOUSE	35.323	201	118	5	5190	5756	494	694	1.26e-20	104
Contig56634:364-7347	sp|Q3U492|KCP_MOUSE	35.176	199	117	6	5187	5759	378	572	9.75e-20	101
Contig56634:364-7347	sp|Q3U492|KCP_MOUSE	33.846	195	119	6	5199	5759	852	1044	9.98e-20	91.3
Contig56634:364-7347	sp|Q3U492|KCP_MOUSE	31.452	124	50	7	4891	5205	746	853	9.98e-20	30.8
Contig56634:364-7347	sp|Q3U492|KCP_MOUSE	34.359	195	117	6	5196	5759	264	454	1.36e-18	97.4
Contig56634:364-7347	sp|Q3U492|KCP_MOUSE	33.000	200	121	8	5187	5756	142	338	5.31e-16	89.0
Contig56634:364-7347	sp|Q3U492|KCP_MOUSE	33.803	142	62	4	6564	6983	697	808	3.76e-09	66.6
Contig56634:364-7347	sp|Q3U492|KCP_MOUSE	28.365	208	129	7	5187	5759	907	1111	1.80e-08	64.3
Contig56634:364-7347	sp|Q3U492|KCP_MOUSE	26.540	211	131	7	5187	5756	966	1173	3.94e-08	63.2
Contig56634:364-7347	sp|Q3U492|KCP_MOUSE	39.326	89	50	2	3890	4156	513	597	8.70e-08	62.0
Contig56634:364-7347	sp|Q3U492|KCP_MOUSE	33.333	114	70	2	3896	4237	162	269	2.95e-07	60.1
Contig56634:364-7347	sp|Q3U492|KCP_MOUSE	41.935	93	50	4	3899	4171	223	313	6.23e-07	59.3
Contig57323:1976-5988	sp|F1R345|DDX11_DANRE	43.062	209	99	5	4012	3407	408	603	5.40e-76	159
Contig57323:1976-5988	sp|F1R345|DDX11_DANRE	52.586	116	55	0	3404	3057	605	720	5.40e-76	150
Contig57323:1976-5988	sp|F1R345|DDX11_DANRE	50.000	100	49	1	302	3	791	889	1.87e-19	99.0
Contig58:1882-22798	sp|Q6DDX8|CEP76_XENLA	75.439	57	11	1	19871	19710	572	628	2.98e-16	90.5
Contig58:1882-22798	sp|Q6DDX8|CEP76_XENLA	71.739	46	13	0	18792	18655	616	661	2.07e-11	75.1
Contig58:1882-22798	sp|Q6DDX8|CEP76_XENLA	52.632	76	36	0	20882	20655	468	543	1.32e-08	65.9
Contig58119:5488-14820	sp|Q9EPN1|NBEA_MOUSE	63.492	63	23	0	5962	5774	1911	1973	1.32e-14	85.1
Contig58119:5488-14820	sp|Q9EPN1|NBEA_MOUSE	77.273	44	10	0	6393	6262	1873	1916	2.34e-11	74.3
Contig60274:3046-10694	sp|Q7T308|RN168_DANRE	52.174	92	44	0	2851	3126	19	110	2.59e-24	113
Contig60405:1350-4595	sp|A0JNH9|APLF_BOVIN	42.857	84	36	3	86	337	353	424	4.42e-08	60.8
Contig60935:42-4013	sp|Q8BXR5|NALCN_MOUSE	69.091	55	17	0	167	3	422	476	2.11e-15	85.9
Contig61840:1564-2504	sp|Q62261|SPTB2_MOUSE	41.429	70	41	0	940	731	1920	1989	2.56e-11	68.2
Contig62898:764-4160	sp|P13086|SUCA_RAT	70.707	99	28	1	678	385	154	252	2.70e-29	124
Contig62898:764-4160	sp|P13086|SUCA_RAT	80.769	78	15	0	1611	1378	99	176	4.51e-18	90.9
Contig64890:20498-25987	sp|Q8C5V5|WDR27_MOUSE	30.488	82	54	1	1375	1611	188	269	2.24e-13	54.3
Contig64890:20498-25987	sp|Q8C5V5|WDR27_MOUSE	52.778	36	17	0	1196	1303	155	190	2.24e-13	45.4
Contig64890:20498-25987	sp|Q8C5V5|WDR27_MOUSE	48.936	47	24	0	462	602	64	110	4.93e-06	55.5
Contig6557:11745-12912	sp|Q7Z6Z7|HUWE1_HUMAN	64.368	87	31	0	3	263	834	920	3.68e-28	120
Contig6557:11745-12912	sp|Q7Z6Z7|HUWE1_HUMAN	50.303	165	64	5	703	1167	914	1070	8.89e-27	116
Contig67120:838-6606	sp|Q7T2L7|I17RD_CHICK	29.719	249	135	8	4362	5090	358	572	5.49e-19	97.8
Contig67368:4197-5153	sp|Q9BWM5|ZN416_HUMAN	43.000	100	55	2	413	117	355	453	2.33e-14	77.0
Contig67368:4197-5153	sp|Q9BWM5|ZN416_HUMAN	38.947	95	56	2	413	132	327	420	2.29e-11	68.2
Contig67368:4197-5153	sp|Q9BWM5|ZN416_HUMAN	36.364	99	61	2	410	117	468	565	2.29e-10	65.1
Contig67368:4197-5153	sp|Q9BWM5|ZN416_HUMAN	35.000	100	63	2	413	117	271	369	1.19e-09	62.8
Contig67368:4197-5153	sp|Q9BWM5|ZN416_HUMAN	31.000	100	67	2	413	117	439	537	6.14e-09	60.8
Contig67368:4197-5153	sp|Q9BWM5|ZN416_HUMAN	33.333	96	62	2	413	129	411	505	8.04e-09	60.5
Contig67368:4197-5153	sp|Q9BWM5|ZN416_HUMAN	32.673	101	63	3	413	123	383	482	8.99e-07	53.9
Contig67368:4197-5153	sp|Q9BWM5|ZN416_HUMAN	36.709	79	48	2	338	105	268	345	2.85e-06	52.4
Contig67368:4197-5153	sp|Q9BWM5|ZN416_HUMAN	34.667	75	48	1	413	189	495	568	3.06e-06	52.4
Contig67758:5541-6755	sp|Q96K62|ZBT45_HUMAN	33.803	71	45	1	287	75	433	501	1.11e-06	54.3
Contig6832:2304-4507	sp|A2ASS6|TITIN_MOUSE	46.835	79	42	0	1967	2203	96	174	1.95e-14	82.0
Contig6832:2304-4507	sp|A2ASS6|TITIN_MOUSE	29.927	137	48	3	138	545	941	1030	2.43e-09	65.1
Contig6832:2304-4507	sp|A2ASS6|TITIN_MOUSE	40.541	74	44	0	1982	2203	943	1016	9.96e-09	63.2
Contig6832:2304-4507	sp|A2ASS6|TITIN_MOUSE	39.130	69	42	0	366	572	129	197	4.93e-07	57.8
Contig6832:2304-4507	sp|A2ASS6|TITIN_MOUSE	29.630	108	73	1	1880	2203	3211	3315	1.10e-06	56.6
Contig6832:2304-4507	sp|A2ASS6|TITIN_MOUSE	38.158	76	46	1	1979	2203	33579	33654	4.09e-06	54.7
Contig695:32-19666	sp|Q8WZ42|TITIN_HUMAN	38.043	92	57	0	4770	5045	942	1033	1.34e-12	79.7
Contig695:32-19666	sp|Q8WZ42|TITIN_HUMAN	38.043	92	55	1	14	283	942	1033	8.89e-10	70.5
Contig695:32-19666	sp|Q8WZ42|TITIN_HUMAN	38.947	95	58	0	4770	5054	8887	8981	1.92e-09	69.3
Contig695:32-19666	sp|Q8WZ42|TITIN_HUMAN	38.144	97	57	2	4740	5030	6058	6151	1.66e-08	66.2
Contig695:32-19666	sp|Q8WZ42|TITIN_HUMAN	33.333	96	64	0	4773	5060	33779	33874	1.88e-08	65.9
Contig695:32-19666	sp|Q8WZ42|TITIN_HUMAN	33.962	106	69	1	4737	5054	7936	8040	3.42e-08	65.1
Contig695:32-19666	sp|Q8WZ42|TITIN_HUMAN	33.333	93	62	0	4770	5048	7005	7097	9.10e-08	63.9
Contig695:32-19666	sp|Q8WZ42|TITIN_HUMAN	32.039	103	70	0	4737	5045	7280	7382	1.06e-07	63.5
Contig695:32-19666	sp|Q8WZ42|TITIN_HUMAN	36.264	91	58	0	2530	2802	8888	8978	3.49e-07	61.6
Contig695:32-19666	sp|Q8WZ42|TITIN_HUMAN	36.634	101	63	1	2470	2772	3484	3583	3.80e-07	61.6
Contig695:32-19666	sp|Q8WZ42|TITIN_HUMAN	30.000	100	70	0	4761	5060	7098	7197	4.64e-07	61.2
Contig695:32-19666	sp|Q8WZ42|TITIN_HUMAN	31.000	100	69	0	4746	5045	95	194	7.29e-07	60.8
Contig695:32-19666	sp|Q8WZ42|TITIN_HUMAN	27.200	125	81	1	4770	5114	6630	6754	9.13e-07	60.5
Contig695:32-19666	sp|Q8WZ42|TITIN_HUMAN	30.841	107	72	1	4743	5057	8972	9078	1.39e-06	59.7
Contig695:32-19666	sp|Q8WZ42|TITIN_HUMAN	32.787	122	74	2	4740	5084	7375	7495	2.00e-06	59.3
Contig695:32-19666	sp|Q8WZ42|TITIN_HUMAN	30.928	97	67	0	4746	5036	8034	8130	3.69e-06	58.5
Contig695:32-19666	sp|Q8WZ42|TITIN_HUMAN	32.673	101	63	3	11	298	32615	32715	3.78e-06	58.5
Contig695:32-19666	sp|Q8WZ42|TITIN_HUMAN	34.409	93	60	1	2530	2805	7291	7383	3.94e-06	58.2
Contig695:32-19666	sp|Q8WZ42|TITIN_HUMAN	34.409	93	61	0	2530	2808	104	196	5.69e-06	57.8
Contig695:32-19666	sp|Q8WZ42|TITIN_HUMAN	39.241	79	48	0	2536	2772	8515	8593	5.74e-06	57.8
Contig695:32-19666	sp|Q8WZ42|TITIN_HUMAN	35.000	80	52	0	2530	2769	7006	7085	7.25e-06	57.4
Contig695:32-19666	sp|Q8WZ42|TITIN_HUMAN	35.417	96	53	2	4770	5045	3344	3434	8.29e-06	57.4
Contig69521:2149-7269	sp|Q9BV44|THUM3_HUMAN	51.887	106	48	1	320	3	210	312	2.52e-24	112
Contig70546:5139-6907	sp|Q08201|MDR3_RAT	46.789	109	57	1	1433	1759	865	972	1.67e-14	80.9
Contig70546:5139-6907	sp|Q08201|MDR3_RAT	52.459	61	28	1	389	568	819	879	1.23e-12	75.1
Contig71414:612-13369	sp|Q24746|NEUR_DROVI	52.795	161	75	1	6884	6402	97	256	5.40e-49	193
Contig71414:612-13369	sp|Q24746|NEUR_DROVI	44.000	125	69	1	518	144	350	473	1.56e-28	129
Contig71414:612-13369	sp|Q24746|NEUR_DROVI	31.361	169	99	6	6884	6405	359	519	6.01e-11	72.8
Contig71473:875-13421	sp|Q642B2|ZN672_RAT	45.963	161	86	1	713	231	206	365	6.37e-37	151
Contig71473:875-13421	sp|Q642B2|ZN672_RAT	41.250	160	93	1	710	231	235	393	4.25e-28	125
Contig71473:875-13421	sp|Q642B2|ZN672_RAT	33.708	178	99	4	713	234	104	280	7.27e-19	97.1
Contig71473:875-13421	sp|Q642B2|ZN672_RAT	41.584	101	57	2	572	273	10	109	2.89e-12	76.3
Contig71473:875-13421	sp|Q642B2|ZN672_RAT	27.670	206	103	4	713	234	19	224	5.96e-12	75.5
Contig71473:875-13421	sp|Q642B2|ZN672_RAT	48.485	66	32	1	6185	5988	253	316	7.13e-09	65.5
Contig71473:875-13421	sp|Q642B2|ZN672_RAT	32.143	140	91	4	650	237	12	149	2.85e-08	63.5
Contig71473:875-13421	sp|Q642B2|ZN672_RAT	27.174	184	115	7	7113	6610	102	282	1.89e-07	60.8
Contig71473:875-13421	sp|Q642B2|ZN672_RAT	40.909	66	37	1	6182	5985	198	261	1.27e-06	58.2
Contig71473:875-13421	sp|Q642B2|ZN672_RAT	37.838	74	46	0	713	492	346	419	1.49e-06	58.2
Contig71473:875-13421	sp|Q642B2|ZN672_RAT	35.802	81	50	1	6230	5988	294	372	1.85e-06	57.8
Contig71473:875-13421	sp|Q642B2|ZN672_RAT	40.299	67	38	1	6182	5982	282	346	2.75e-06	57.0
Contig71473:875-13421	sp|Q642B2|ZN672_RAT	35.294	68	42	1	6185	5982	225	290	7.47e-06	55.8
Contig71473:875-13421	sp|Q642B2|ZN672_RAT	36.905	84	53	0	476	225	13	96	7.79e-06	55.8
Contig80637:514-3232	sp|Q80Z37|TOPRS_MOUSE	36.491	285	153	4	2521	1745	98	380	8.53e-43	172
Contig813:17507-38199	sp|Q14694|UBP10_HUMAN	50.000	76	33	2	17939	18151	666	741	4.59e-12	77.4
Contig813:17507-38199	sp|Q14694|UBP10_HUMAN	35.577	104	33	1	10834	11145	396	465	1.82e-09	68.9
Contig813:17507-38199	sp|Q14694|UBP10_HUMAN	53.571	56	26	0	19060	19227	737	792	8.14e-08	63.5
Contig81635:3755-8945	sp|Q2QCI8|MED12_DANRE	50.000	164	69	4	3627	3139	729	880	7.64e-40	167
Contig81635:3755-8945	sp|Q2QCI8|MED12_DANRE	45.455	77	39	2	2046	1825	855	931	2.30e-08	63.5
Contig81635:3755-8945	sp|Q2QCI8|MED12_DANRE	66.667	42	14	0	5039	4914	591	632	3.22e-08	63.2
Contig915:1062-20652	sp|O75095|MEGF6_HUMAN	41.520	171	58	1	19590	19204	904	1074	9.70e-27	125
Contig915:1062-20652	sp|O75095|MEGF6_HUMAN	33.214	280	156	8	11648	10839	990	1248	3.33e-24	117
Contig915:1062-20652	sp|O75095|MEGF6_HUMAN	32.353	272	165	4	11648	10845	860	1116	2.00e-22	111
Contig915:1062-20652	sp|O75095|MEGF6_HUMAN	33.333	276	160	6	11648	10845	555	814	7.37e-22	109
Contig915:1062-20652	sp|O75095|MEGF6_HUMAN	44.094	127	71	0	19590	19210	1119	1245	4.24e-20	103
Contig915:1062-20652	sp|O75095|MEGF6_HUMAN	46.154	130	68	2	19590	19204	860	988	4.43e-20	103
Contig915:1062-20652	sp|O75095|MEGF6_HUMAN	43.750	128	72	0	19590	19207	817	944	7.91e-20	103
Contig915:1062-20652	sp|O75095|MEGF6_HUMAN	44.615	130	71	1	19590	19201	1292	1420	1.09e-19	102
Contig915:1062-20652	sp|O75095|MEGF6_HUMAN	45.312	128	69	1	19590	19207	1206	1332	4.82e-19	100
Contig915:1062-20652	sp|O75095|MEGF6_HUMAN	43.704	135	75	1	19590	19186	1378	1511	9.30e-18	96.3
Contig915:1062-20652	sp|O75095|MEGF6_HUMAN	42.636	129	73	1	19590	19204	731	858	1.72e-17	95.5
Contig915:1062-20652	sp|O75095|MEGF6_HUMAN	42.446	139	75	3	19590	19183	686	822	1.85e-17	95.5
Contig915:1062-20652	sp|O75095|MEGF6_HUMAN	42.188	128	72	2	19590	19210	511	637	9.96e-15	86.3
Contig915:1062-20652	sp|O75095|MEGF6_HUMAN	34.503	171	70	1	19590	19204	990	1160	1.35e-14	85.9
Contig915:1062-20652	sp|O75095|MEGF6_HUMAN	49.412	85	43	0	11096	10842	1292	1376	2.27e-14	85.1
Contig915:1062-20652	sp|O75095|MEGF6_HUMAN	48.810	84	43	0	11648	11397	1206	1289	6.54e-14	83.6
Contig915:1062-20652	sp|O75095|MEGF6_HUMAN	41.667	132	71	4	19590	19207	641	770	2.94e-13	81.6
Contig915:1062-20652	sp|O75095|MEGF6_HUMAN	44.048	84	47	0	11648	11397	1335	1418	1.34e-12	79.3
Contig915:1062-20652	sp|O75095|MEGF6_HUMAN	45.882	85	46	0	11099	10845	1205	1289	6.32e-12	77.0
Contig915:1062-20652	sp|O75095|MEGF6_HUMAN	38.462	130	77	2	19590	19210	598	727	7.05e-12	77.0
Contig915:1062-20652	sp|O75095|MEGF6_HUMAN	46.667	90	47	1	11663	11397	1114	1203	5.71e-11	73.9
Contig915:1062-20652	sp|O75095|MEGF6_HUMAN	41.860	86	50	0	11651	11394	1291	1376	8.92e-11	73.6
Contig915:1062-20652	sp|O75095|MEGF6_HUMAN	44.186	86	48	0	11648	11391	1249	1334	2.27e-10	72.0
Contig915:1062-20652	sp|O75095|MEGF6_HUMAN	44.186	86	48	0	11096	10839	1249	1334	2.28e-10	72.0
Contig915:1062-20652	sp|O75095|MEGF6_HUMAN	47.059	85	45	0	11651	11397	1420	1504	4.59e-10	71.2
Contig915:1062-20652	sp|O75095|MEGF6_HUMAN	42.697	89	50	1	11102	10839	771	859	1.05e-09	69.7
Contig915:1062-20652	sp|O75095|MEGF6_HUMAN	42.529	87	49	1	11648	11391	773	859	1.05e-09	69.7
Contig915:1062-20652	sp|O75095|MEGF6_HUMAN	43.000	100	54	2	11096	10806	511	610	1.98e-09	68.9
Contig915:1062-20652	sp|O75095|MEGF6_HUMAN	41.860	86	50	0	11096	10839	555	640	3.62e-09	68.2
Contig915:1062-20652	sp|O75095|MEGF6_HUMAN	42.353	85	49	0	11648	11394	1378	1462	1.94e-08	65.9
Contig915:1062-20652	sp|O75095|MEGF6_HUMAN	41.667	84	49	0	11096	10845	1335	1418	2.26e-08	65.5
Contig915:1062-20652	sp|O75095|MEGF6_HUMAN	42.529	87	50	0	19461	19201	511	597	2.70e-08	65.1
Contig915:1062-20652	sp|O75095|MEGF6_HUMAN	40.000	85	50	1	11096	10845	817	901	6.25e-08	63.9
Contig915:1062-20652	sp|O75095|MEGF6_HUMAN	42.857	84	48	0	11096	10845	1421	1504	2.36e-07	62.0
Contig915:1062-20652	sp|O75095|MEGF6_HUMAN	37.500	88	55	0	11096	10833	1378	1465	1.39e-06	59.7
Contig915:1062-20652	sp|O75095|MEGF6_HUMAN	41.379	87	49	1	11651	11397	597	683	2.74e-06	58.5
Contig915:1062-20652	sp|O75095|MEGF6_HUMAN	30.055	183	108	6	536	3	983	1150	3.10e-06	58.5
Contig915:1062-20652	sp|O75095|MEGF6_HUMAN	40.000	85	50	1	11648	11397	511	595	3.13e-06	58.5
Contig915:1062-20652	sp|O75095|MEGF6_HUMAN	33.333	87	54	1	18820	18560	992	1074	9.41e-06	57.0
Contig98338:979-6150	sp|Q66PG2|LARG1_DANRE	74.000	100	24	1	4487	4194	440	539	2.92e-39	162
Contig98338:979-6150	sp|Q66PG2|LARG1_DANRE	56.790	81	28	2	5171	4950	379	459	4.46e-17	91.3
Contig98338:979-6150	sp|Q66PG2|LARG1_DANRE	58.491	53	22	0	1323	1165	540	592	4.28e-09	65.5
Contig98338:979-6150	sp|Q66PG2|LARG1_DANRE	66.667	36	12	0	721	614	592	627	4.51e-06	55.5
Contig9939:2619-6685	sp|Q9BZ19|ANR60_HUMAN	38.889	54	32	1	4013	3855	94	147	1.17e-07	43.9
Contig9939:2619-6685	sp|Q9BZ19|ANR60_HUMAN	33.333	51	32	1	3756	3610	141	191	1.17e-07	36.2
