id	n	acpt_rate	beta	se_beta	pvalue	h	se_h	sigma2	se_sigma2	alpha0	se_alpha0	alpha1	se_alpha1	qvalues	pvalues	significant	chr	start	end	strand	coverage1	numCs1	numTs1	coverage2	numCs2	numTs2	coverage3	numCs3	numTs3	coverage4	numCs4	numTs4	coverage5	numCs5	numTs5	coverage6	numCs6	numTs6	coverage7	numCs7	numTs7	coverage8	numCs8	numTs8	coverage9	numCs9	numTs9	coverage10	numCs10	numTs10	coverage11	numCs11	numTs11	coverage12	numCs12	numTs12	coverage13	numCs13	numTs13	coverage14	numCs14	numTs14	coverage15	numCs15	numTs15	coverage16	numCs16	numTs16	coverage17	numCs17	numTs17	coverage18	numCs18	numTs18
Contig1054173286	18	2.926e-01	4.986e-01	1.054e-01	2.237e-06	7.040e-01	2.439e-01	7.871e+00	1.225e+01	-3.424e+00	2.191e+00	-1.542e+00	4.904e-01	0.0155048076567364	2.237e-06	TRUE	Contig105417	3286	3286	+	16	14	2	12	12	0	7	7	0	10	10	0	6	6	0	10	10	0	9	9	0	10	9	1	16	15	1	9	9	0	5	5	0	9	8	1	15	15	0	19	19	0	19	19	0	20	20	0	15	15	0	14	12	2
Contig109628199	18	2.832e-01	4.911e-01	1.216e-01	5.387e-05	7.224e-01	2.429e-01	1.071e+01	1.657e+01	-6.054e+00	2.291e+00	-3.527e-01	6.728e-01	0.0788537096929663	5.387e-05	TRUE	Contig1096	28199	28199	+	11	9	2	10	9	1	9	9	0	10	10	0	7	7	0	5	5	0	13	12	1	8	8	0	8	6	2	5	5	0	6	6	0	5	5	0	11	11	0	12	12	0	9	9	0	18	18	0	11	10	1	11	11	0
Contig1102783989	18	2.859e-01	5.282e-01	1.201e-01	1.098e-05	7.375e-01	2.446e-01	8.995e+00	1.343e+01	-4.223e+00	2.274e+00	-1.286e+00	4.032e-01	0.0385875220872697	1.098e-05	TRUE	Contig110278	3989	3989	+	18	16	2	12	12	0	8	8	0	13	13	0	13	13	0	11	11	0	12	11	1	12	12	0	15	14	1	17	16	1	3	3	0	14	13	1	9	9	0	10	9	1	10	10	0	9	9	0	13	13	0	16	15	1
Contig110906429	18	2.612e-01	3.133e-01	6.290e-02	6.351e-07	7.652e-01	2.335e-01	1.004e+01	1.669e+01	-1.510e+00	1.214e+00	-9.761e-01	2.726e-01	0.00734378563982863	6.351e-07	TRUE	Contig110906	429	429	+	13	10	3	29	27	2	32	32	0	31	30	1	21	21	0	16	15	1	31	29	2	32	32	0	21	19	2	20	19	1	34	33	1	14	14	0	29	28	1	32	32	0	24	24	0	33	32	1	35	33	2	36	33	3
Contig110927764	18	2.641e-01	3.686e-01	8.833e-02	3.001e-05	7.198e-01	2.510e-01	9.976e+00	1.544e+01	-2.992e+00	1.735e+00	-1.055e+00	3.935e-01	0.0580469205366815	3.001e-05	TRUE	Contig11092	7764	7764	+	10	4	6	17	16	1	13	12	1	14	14	0	18	18	0	9	9	0	13	11	2	19	13	6	18	16	2	5	5	0	5	5	0	20	18	2	16	15	1	17	17	0	7	7	0	8	7	1	10	10	0	16	14	2
Contig111772433	18	2.891e-01	-4.404e-01	1.012e-01	1.355e-05	7.636e-01	2.278e-01	7.196e+00	1.415e+01	7.664e+00	1.741e+00	2.855e+00	5.831e-01	0.0416966600016246	1.355e-05	TRUE	Contig11177	2433	2433	+	13	13	0	16	15	1	14	13	1	16	15	1	12	10	2	8	7	1	17	16	1	14	14	0	16	16	0	15	15	0	17	17	0	11	10	1	21	20	1	24	24	0	25	22	3	22	21	1	19	18	1	17	17	0
Contig1118734850	18	2.512e-01	6.613e-01	1.548e-01	1.929e-05	7.705e-01	2.083e-01	1.942e+01	2.829e+01	-6.436e+00	2.592e+00	-1.788e+00	5.418e-01	0.0479550957552244	1.929e-05	TRUE	Contig111873	4850	4850	+	16	11	5	10	10	0	9	9	0	6	6	0	3	3	0	2	2	0	15	14	1	13	13	0	14	13	1	3	3	0	14	14	0	6	3	3	20	19	1	31	31	0	27	27	0	19	19	0	18	18	0	8	4	4
Contig1129975372	18	2.600e-01	-3.496e-01	8.085e-02	1.534e-05	7.939e-01	2.275e-01	1.590e+01	2.451e+01	5.814e+00	1.666e+00	2.637e+00	4.261e-01	0.04450715233419	1.534e-05	TRUE	Contig112997	5372	5372	+	17	17	0	23	23	0	22	22	0	19	18	1	15	14	1	9	9	0	23	23	0	17	17	0	22	20	2	33	32	1	40	40	0	16	16	0	33	31	2	33	30	3	47	45	2	34	32	2	37	34	3	25	25	0
Contig11310801	18	2.104e-01	7.822e-01	1.861e-01	2.63e-05	8.484e-01	1.318e-01	6.841e+01	4.081e+01	-6.858e+00	4.023e+00	-3.085e+00	9.503e-01	0.0548525023671936	2.63e-05	TRUE	Contig113	10801	10801	+	7	5	2	4	4	0	2	2	0	4	4	0	4	4	0	2	2	0	3	3	0	8	7	1	10	7	3	4	4	0	3	3	0	3	3	0	6	6	0	3	3	0	5	5	0	2	2	0	4	3	1	4	3	1
Contig113403874	18	3.295e-01	3.111e-01	7.252e-02	1.79e-05	6.518e-01	2.676e-01	3.273e+00	8.254e+00	-2.396e+00	1.242e+00	-5.325e-01	3.977e-01	0.0479550957552244	1.79e-05	TRUE	Contig113403	874	874	+	15	13	2	19	17	2	18	18	0	29	28	1	35	34	1	17	17	0	18	17	1	17	16	1	24	22	2	33	30	3	15	15	0	2	2	0	22	22	0	44	42	2	41	41	0	38	38	0	26	26	0	17	16	1
Contig1135681836	18	3.255e-01	-7.990e-01	1.910e-01	2.886e-05	6.712e-01	2.875e-01	8.346e+00	1.436e+01	1.220e+01	2.810e+00	4.574e+00	1.250e+00	0.0571714409668537	2.886e-05	TRUE	Contig113568	1836	1836	+	13	13	0	7	7	0	15	15	0	2	1	1	6	3	3	9	8	1	3	3	0	3	3	0	11	11	0	6	6	0	2	2	0	13	13	0	8	8	0	16	16	0	3	2	1	5	4	1	3	3	0	9	9	0
Contig113675119	18	2.322e-01	-5.866e-01	1.423e-01	3.745e-05	8.326e-01	1.730e-01	1.765e+01	2.153e+01	8.424e+00	2.639e+00	3.795e+00	1.047e+00	0.0618839140725134	3.745e-05	TRUE	Contig113675	119	119	+	9	9	0	6	6	0	10	9	1	10	9	1	3	3	0	6	3	3	8	8	0	13	13	0	11	10	1	10	10	0	13	13	0	4	4	0	14	12	2	21	18	3	12	10	2	17	10	7	6	6	0	4	4	0
Contig117443800	18	2.785e-01	1.751e+00	3.729e-01	2.645e-06	7.425e-01	2.303e-01	2.768e+01	3.254e+01	-2.082e+01	5.106e+00	-2.776e+00	1.579e+00	0.0173678068027486	2.645e-06	TRUE	Contig117443	800	800	+	2	1	1	5	5	0	3	3	0	2	2	0	4	4	0	2	2	0	6	6	0	5	5	0	3	3	0	2	2	0	3	3	0	2	1	1	4	4	0	5	5	0	2	2	0	4	4	0	2	2	0	2	2	0
Contig120547984	18	3.502e-01	-2.134e-01	5.066e-02	2.512e-05	3.357e-01	1.824e-01	9.063e-01	9.810e-01	4.215e+00	8.871e-01	5.513e-02	2.280e-01	0.0545035379687077	2.512e-05	TRUE	Contig120547	984	984	+	58	40	18	51	25	26	25	0	25	42	26	16	46	9	37	43	19	24	46	17	29	51	34	17	34	18	16	66	40	26	32	3	29	43	21	22	61	26	35	44	19	25	52	0	52	57	12	45	45	20	25	47	9	38
Contig1237761289	18	2.026e-01	5.242e-01	1.198e-01	1.22e-05	8.237e-01	1.520e-01	4.058e+01	3.382e+01	-6.992e+00	2.203e+00	-9.916e-01	5.088e-01	0.0402184562067429	1.22e-05	TRUE	Contig123776	1289	1289	+	16	7	9	8	8	0	10	9	1	12	10	2	5	5	0	10	9	1	10	6	4	8	1	7	16	14	2	12	7	5	8	8	0	8	8	0	16	15	1	19	18	1	13	13	0	18	18	0	16	16	0	17	16	1
Contig1246379097	18	3.100e-01	-5.849e-01	1.290e-01	5.794e-06	6.538e-01	2.715e-01	7.166e+00	1.333e+01	9.920e+00	2.068e+00	3.607e+00	7.478e-01	0.0261682616486403	5.794e-06	TRUE	Contig124637	9097	9097	+	9	9	0	14	14	0	7	6	1	7	7	0	11	10	1	11	10	1	14	13	1	12	12	0	11	11	0	9	9	0	7	7	0	15	15	0	14	13	1	19	19	0	12	10	2	12	11	1	13	13	0	14	14	0
Contig126465792	18	2.044e-01	-4.076e-01	9.715e-02	2.723e-05	7.506e-01	2.290e-01	2.764e+01	2.969e+01	6.922e+00	2.019e+00	1.252e+00	4.762e-01	0.0552795240113917	2.723e-05	TRUE	Contig126465	792	792	+	18	17	1	12	10	2	4	3	1	12	11	1	13	10	3	8	6	2	20	18	2	11	11	0	13	6	7	22	22	0	4	3	1	26	24	2	14	14	0	11	6	5	9	0	9	8	6	2	5	1	4	17	17	0
Contig12795477	18	2.728e-01	-4.000e-01	9.372e-02	1.972e-05	8.110e-01	1.842e-01	1.213e+01	1.865e+01	7.272e+00	1.595e+00	2.528e+00	5.570e-01	0.0479550957552244	1.972e-05	TRUE	Contig12795	477	477	+	7	7	0	14	14	0	27	25	2	7	7	0	12	9	3	3	3	0	10	9	1	17	17	0	16	14	2	15	15	0	20	20	0	13	13	0	33	31	2	37	34	3	17	16	1	25	19	6	18	18	0	13	13	0
Contig12897313689	18	1.667e-01	8.452e-01	2.108e-01	6.096e-05	7.425e-01	1.281e-01	6.243e+01	3.000e+01	-1.616e+01	4.211e+00	-1.721e+00	7.231e-01	0.0856633750370779	6.096e-05	TRUE	Contig128973	13689	13689	+	4	0	4	7	0	7	13	6	7	6	0	6	10	2	8	7	7	0	10	0	10	8	0	8	11	0	11	17	15	2	9	9	0	11	10	1	19	18	1	19	19	0	15	15	0	17	16	1	12	5	7	15	14	1
Contig12897314453	18	1.354e-01	6.145e-01	1.490e-01	3.719e-05	9.198e-01	7.076e-02	9.710e+01	3.172e+01	-1.494e+01	4.617e+00	-1.414e+00	5.701e-01	0.0618839140725134	3.719e-05	TRUE	Contig128973	14453	14453	+	5	4	1	5	0	5	9	0	9	9	0	9	6	0	6	8	7	1	9	0	9	5	0	5	15	0	15	13	3	10	5	5	0	11	0	11	10	5	5	14	8	6	6	4	2	7	7	0	6	0	6	10	0	10
Contig1294912556	18	3.319e-01	-5.039e-01	1.201e-01	2.725e-05	5.895e-01	2.805e-01	1.198e+01	2.015e+01	7.912e+00	2.414e+00	3.374e+00	6.402e-01	0.0552795240113917	2.725e-05	TRUE	Contig129491	2556	2556	+	4	4	0	6	6	0	3	3	0	6	6	0	9	8	1	6	4	2	7	6	1	5	5	0	10	9	1	4	4	0	7	7	0	2	2	0	5	5	0	9	8	1	10	8	2	10	10	0	4	4	0	11	11	0
Contig1322076026	18	3.356e-01	2.797e-01	7.117e-02	8.507e-05	6.583e-01	2.880e-01	4.277e+00	9.310e+00	-9.909e-01	1.311e+00	-8.755e-01	3.593e-01	0.0986176001829526	8.507e-05	TRUE	Contig132207	6026	6026	+	16	16	0	8	8	0	21	21	0	19	17	2	13	13	0	16	15	1	15	13	2	21	19	2	13	12	1	36	34	2	28	28	0	15	14	1	21	20	1	23	23	0	36	36	0	40	39	1	17	17	0	10	7	3
Contig1324771642	18	2.117e-01	-4.159e-01	9.563e-02	1.366e-05	8.480e-01	1.788e-01	3.357e+01	3.069e+01	9.954e+00	2.147e+00	1.392e+00	3.978e-01	0.0416966600016246	1.366e-05	TRUE	Contig132477	1642	1642	+	4	3	1	4	3	1	7	4	3	11	11	0	8	6	2	2	1	1	16	16	0	7	7	0	12	12	0	17	15	2	24	12	12	5	5	0	17	8	9	32	22	10	12	8	4	25	11	14	12	11	1	14	14	0
Contig13258776	18	1.255e-01	6.848e-01	1.436e-01	1.856e-06	9.298e-01	7.392e-02	1.093e+02	2.725e+01	-2.327e+01	5.200e+00	-1.212e+00	4.259e-01	0.0140335301390187	1.856e-06	TRUE	Contig132	58776	58776	+	4	0	4	15	0	15	20	0	20	17	0	17	8	0	8	8	0	8	13	0	13	12	0	12	14	0	14	18	0	18	8	8	0	11	6	5	12	11	1	15	14	1	20	0	20	3	1	2	21	0	21	14	11	3
Contig1334521017	18	2.860e-01	7.614e-01	1.587e-01	1.597e-06	6.445e-01	2.448e-01	1.255e+01	1.775e+01	-6.973e+00	3.145e+00	-1.457e+00	1.001e+00	0.0140335301390187	1.597e-06	TRUE	Contig133452	1017	1017	+	6	5	1	11	11	0	5	5	0	9	9	0	10	10	0	8	8	0	14	14	0	5	5	0	11	11	0	7	7	0	8	8	0	10	10	0	8	8	0	8	8	0	15	15	0	6	6	0	10	10	0	4	4	0
Contig1364991267	18	1.917e-01	-3.989e-01	1.011e-01	8.031e-05	8.867e-01	7.944e-02	2.542e+01	2.296e+01	8.391e+00	1.999e+00	2.378e+00	6.003e-01	0.0958796057280451	8.031e-05	TRUE	Contig136499	1267	1267	+	16	16	0	11	11	0	12	11	1	21	21	0	6	5	1	2	2	0	16	16	0	17	17	0	16	15	1	20	20	0	42	41	1	19	17	2	28	24	4	46	41	5	49	48	1	40	32	8	20	20	0	12	12	0
Contig1385921204	18	2.783e-01	-5.413e-01	1.241e-01	1.293e-05	7.400e-01	2.477e-01	1.636e+01	2.349e+01	7.756e+00	2.336e+00	3.773e+00	7.929e-01	0.0413625039719959	1.293e-05	TRUE	Contig138592	1204	1204	+	2	2	0	4	4	0	7	6	1	5	5	0	2	2	0	2	1	1	5	5	0	3	3	0	8	8	0	4	4	0	5	5	0	5	4	1	9	9	0	10	9	1	9	7	2	6	5	1	8	8	0	5	5	0
Contig1412136476	18	3.645e-01	5.105e-01	1.184e-01	1.63e-05	6.591e-01	2.742e-01	2.389e+00	3.877e+00	-5.352e+00	1.906e+00	-1.026e+00	3.806e-01	0.0466235289434333	1.63e-05	TRUE	Contig141213	6476	6476	+	14	9	5	15	13	2	13	13	0	22	22	0	19	19	0	12	12	0	15	14	1	16	16	0	17	15	2	15	15	0	7	7	0	21	18	3	23	23	0	30	30	0	28	28	0	25	25	0	19	19	0	21	20	1
Contig143820471	18	3.616e-01	3.777e-01	7.855e-02	1.525e-06	6.965e-01	2.540e-01	2.607e+00	4.728e+00	-3.977e+00	1.296e+00	-1.013e+00	3.096e-01	0.0140335301390187	1.525e-06	TRUE	Contig1438	20471	20471	+	17	11	6	18	17	1	9	8	1	18	15	3	14	13	1	16	16	0	19	15	4	16	13	3	15	12	3	14	13	1	14	13	1	17	11	6	20	19	1	24	24	0	23	23	0	30	30	0	19	15	4	16	12	4
Contig153289584	18	3.105e-01	4.210e-01	8.023e-02	1.544e-07	7.272e-01	2.619e-01	1.063e+01	1.787e+01	-1.791e+00	1.657e+00	-1.378e+00	3.695e-01	0.00363162959362645	1.544e-07	TRUE	Contig15328	9584	9584	+	9	8	1	2	2	0	9	9	0	9	8	1	12	12	0	4	4	0	13	12	1	11	11	0	11	11	0	10	10	0	5	5	0	14	13	1	13	13	0	14	14	0	14	14	0	11	11	0	7	7	0	10	8	2
Contig160638073	18	3.005e-01	-4.881e-01	9.462e-02	2.49e-07	7.042e-01	2.534e-01	5.545e+00	1.018e+01	9.151e+00	1.736e+00	2.759e+00	5.307e-01	0.00477924059815637	2.49e-07	TRUE	Contig16063	8073	8073	+	17	17	0	18	17	1	16	15	1	15	13	2	10	9	1	14	14	0	19	19	0	18	18	0	16	15	1	10	10	0	9	9	0	19	19	0	21	20	1	33	33	0	19	15	4	26	24	2	18	18	0	17	17	0
Contig162047879	18	3.108e-01	-5.050e-01	1.237e-01	4.437e-05	6.544e-01	2.655e-01	7.617e+00	1.397e+01	8.154e+00	2.587e+00	3.110e+00	5.076e-01	0.0696298090329261	4.437e-05	TRUE	Contig16204	7879	7879	+	17	17	0	9	9	0	17	16	1	14	12	2	11	8	3	10	7	3	16	16	0	12	12	0	9	9	0	4	3	1	15	15	0	14	14	0	25	24	1	29	26	3	15	13	2	10	9	1	9	9	0	25	25	0
Contig162118395	18	3.081e-01	6.268e-01	1.470e-01	2.003e-05	5.939e-01	2.753e-01	9.831e+00	1.398e+01	-3.953e+00	2.382e+00	-2.838e+00	8.141e-01	0.0479550957552244	2.003e-05	TRUE	Contig162118	395	395	+	16	12	4	8	7	1	9	9	0	9	9	0	10	10	0	6	6	0	6	5	1	11	10	1	8	7	1	7	7	0	2	2	0	11	9	2	2	1	1	4	4	0	6	6	0	2	2	0	9	9	0	2	0	2
Contig16263772	18	2.605e-01	7.470e-01	1.845e-01	5.135e-05	7.218e-01	2.509e-01	1.965e+01	2.199e+01	-8.023e+00	3.343e+00	-2.161e+00	6.704e-01	0.0762665438252841	5.135e-05	TRUE	Contig16263	772	772	+	2	0	2	13	11	2	4	4	0	7	7	0	5	5	0	7	6	1	16	15	1	3	2	1	5	5	0	5	5	0	2	2	0	3	3	0	3	3	0	17	17	0	5	5	0	2	2	0	5	4	1	6	5	1
Contig1645110436	18	2.831e-01	7.666e-01	1.678e-01	4.937e-06	8.004e-01	2.240e-01	1.369e+01	1.617e+01	-7.041e+00	3.270e+00	-2.274e+00	5.654e-01	0.0232428916291789	4.937e-06	TRUE	Contig16451	10436	10436	+	7	5	2	8	8	0	4	4	0	8	8	0	4	4	0	8	8	0	9	9	0	3	3	0	11	11	0	3	3	0	5	5	0	2	1	1	18	18	0	9	9	0	9	9	0	8	8	0	2	2	0	2	1	1
Contig1665313524	18	3.330e-01	-6.422e-01	1.092e-01	4.059e-09	6.907e-01	2.872e-01	7.241e+00	1.340e+01	1.078e+01	2.099e+00	4.137e+00	8.020e-01	0.000253198984581242	4.059e-09	TRUE	Contig16653	13524	13524	+	20	20	0	13	13	0	18	17	1	17	16	1	12	12	0	11	10	1	20	20	0	20	20	0	20	20	0	28	28	0	23	23	0	18	18	0	16	16	0	26	26	0	19	18	1	29	27	2	22	21	1	17	17	0
Contig167099195	18	2.907e-01	6.372e-01	1.596e-01	6.573e-05	7.220e-01	2.106e-01	1.514e+01	2.031e+01	-8.096e+00	2.594e+00	-1.282e+00	4.870e-01	0.0881766485019354	6.573e-05	TRUE	Contig167099	195	195	+	5	3	2	6	5	1	7	7	0	4	3	1	5	5	0	5	5	0	8	7	1	10	8	2	9	9	0	2	0	2	3	3	0	8	5	3	4	4	0	12	11	1	3	3	0	4	4	0	2	2	0	9	7	2
Contig173705783	18	2.852e-01	-7.513e-01	1.751e-01	1.776e-05	6.993e-01	2.564e-01	2.171e+01	2.690e+01	1.064e+01	3.471e+00	5.520e+00	8.653e-01	0.0479550957552244	1.776e-05	TRUE	Contig17370	5783	5783	+	6	6	0	2	2	0	5	4	1	5	5	0	6	6	0	2	2	0	7	7	0	5	5	0	6	6	0	5	5	0	7	7	0	2	2	0	4	4	0	7	7	0	6	6	0	6	6	0	5	5	0	4	4	0
Contig176077001	18	3.074e-01	5.350e-01	1.246e-01	1.759e-05	7.505e-01	2.358e-01	7.717e+00	1.278e+01	-5.271e+00	2.311e+00	-1.104e+00	4.399e-01	0.0479550957552244	1.759e-05	TRUE	Contig17607	7001	7001	+	10	6	4	15	15	0	12	12	0	16	15	1	19	19	0	8	7	1	15	14	1	19	18	1	8	8	0	7	7	0	7	7	0	9	8	1	14	14	0	11	11	0	12	12	0	11	11	0	10	10	0	19	18	1
Contig1808410113	18	2.776e-01	5.527e-01	1.209e-01	4.868e-06	7.392e-01	2.474e-01	7.621e+00	1.245e+01	-4.040e+00	2.331e+00	-1.652e+00	4.639e-01	0.0232428916291789	4.868e-06	TRUE	Contig18084	10113	10113	+	21	19	2	10	10	0	15	15	0	13	13	0	16	16	0	12	12	0	16	15	1	14	13	1	21	19	2	27	27	0	25	25	0	10	10	0	22	22	0	28	28	0	34	34	0	33	33	0	25	25	0	17	15	2
Contig180915636	18	3.155e-01	-9.623e-01	2.373e-01	5.021e-05	6.667e-01	2.588e-01	1.363e+01	2.193e+01	1.618e+01	3.321e+00	4.127e+00	1.385e+00	0.0757669908261218	5.021e-05	TRUE	Contig180915	636	636	+	5	5	0	7	7	0	7	7	0	7	7	0	8	6	2	3	3	0	6	6	0	2	2	0	6	6	0	4	4	0	3	3	0	5	5	0	6	5	1	8	8	0	4	0	4	4	3	1	2	1	1	2	2	0
Contig1838312793	18	2.555e-01	-4.955e-01	1.250e-01	7.39e-05	7.942e-01	1.923e-01	1.807e+01	2.184e+01	9.234e+00	2.652e+00	2.862e+00	7.273e-01	0.092715206404854	7.39e-05	TRUE	Contig18383	12793	12793	+	7	7	0	7	7	0	8	8	0	2	2	0	7	6	1	2	2	0	8	8	0	2	2	0	8	8	0	13	13	0	2	2	0	10	10	0	11	10	1	10	10	0	10	9	1	12	9	3	5	5	0	6	6	0
Contig186755901	18	2.959e-01	-2.756e-01	6.556e-02	2.619e-05	7.781e-01	2.370e-01	6.495e+00	1.196e+01	7.486e+00	1.506e+00	1.436e+00	3.051e-01	0.0548525023671936	2.619e-05	TRUE	Contig18675	5901	5901	+	25	25	0	18	18	0	25	23	2	31	30	1	13	13	0	15	15	0	25	24	1	29	29	0	24	24	0	30	30	0	49	48	1	11	11	0	43	41	2	39	37	2	56	53	3	43	41	2	28	28	0	23	23	0
Contig18775033	18	2.668e-01	3.897e-01	9.126e-02	1.956e-05	7.810e-01	2.100e-01	7.289e+00	1.190e+01	-3.205e+00	1.726e+00	-6.812e-01	3.133e-01	0.0479550957552244	1.956e-05	TRUE	Contig1877	5033	5033	+	21	18	3	18	18	0	15	15	0	17	16	1	11	11	0	7	7	0	26	26	0	21	21	0	24	23	1	26	23	3	42	42	0	9	7	2	32	31	1	47	46	1	41	41	0	45	45	0	16	16	0	24	23	1
Contig188493533	18	2.945e-01	5.783e-01	1.423e-01	4.813e-05	7.357e-01	2.290e-01	1.301e+01	1.988e+01	-4.853e+00	2.642e+00	-1.279e+00	4.523e-01	0.074131663688345	4.813e-05	TRUE	Contig188493	533	533	+	11	10	1	12	11	1	12	12	0	18	18	0	17	17	0	7	7	0	13	12	1	14	14	0	12	12	0	8	8	0	2	2	0	13	10	3	10	10	0	13	13	0	9	9	0	6	6	0	4	4	0	13	12	1
Contig1919721006	18	2.941e-01	8.979e-01	2.193e-01	4.227e-05	6.697e-01	2.534e-01	1.289e+01	1.811e+01	-1.159e+01	3.559e+00	-2.244e+00	5.409e-01	0.067449482588055	4.227e-05	TRUE	Contig19197	21006	21006	+	2	0	2	7	6	1	6	6	0	2	2	0	2	2	0	4	4	0	4	1	3	7	6	1	5	2	3	3	3	0	3	3	0	9	4	5	10	10	0	15	15	0	7	7	0	4	4	0	8	8	0	18	9	9
Contig1934914371	18	3.027e-01	-5.330e-01	1.250e-01	2.018e-05	7.040e-01	2.509e-01	8.626e+00	1.395e+01	1.730e+01	4.712e+00	1.199e+00	9.148e-01	0.0479550957552244	2.018e-05	TRUE	Contig19349	14371	14371	+	8	8	0	5	5	0	12	12	0	11	11	0	2	2	0	9	9	0	7	7	0	5	5	0	10	10	0	7	7	0	9	9	0	6	6	0	8	8	0	5	5	0	7	6	1	12	12	0	4	4	0	18	18	0
Contig1937216473	18	1.743e-01	6.269e-01	1.445e-01	1.432e-05	8.824e-01	1.012e-01	5.665e+01	3.713e+01	-7.318e+00	2.826e+00	-1.605e+00	4.941e-01	0.0425369778998274	1.432e-05	TRUE	Contig193721	6473	6473	+	9	9	0	12	10	2	14	12	2	19	18	1	8	8	0	14	14	0	12	9	3	16	13	3	24	18	6	7	7	0	14	14	0	23	19	4	14	14	0	19	19	0	7	7	0	11	11	0	11	9	2	15	13	2
Contig19655112	18	3.323e-01	4.892e-01	1.182e-01	3.491e-05	7.502e-01	2.498e-01	8.617e+00	1.375e+01	-5.843e+00	1.786e+00	-5.961e-01	7.441e-01	0.0600737504683924	3.491e-05	TRUE	Contig196551	12	12	+	7	5	2	3	3	0	7	7	0	7	7	0	2	2	0	2	2	0	5	5	0	9	7	2	9	8	1	8	7	1	15	15	0	5	4	1	8	8	0	13	13	0	11	11	0	8	8	0	7	7	0	5	5	0
Contig1978313837	18	2.478e-01	-7.818e-01	1.852e-01	2.44e-05	6.402e-01	2.545e-01	2.083e+01	2.105e+01	1.623e+01	3.049e+00	3.036e+00	1.119e+00	0.0534057323235116	2.44e-05	TRUE	Contig19783	13837	13837	+	6	6	0	8	8	0	22	22	0	16	16	0	12	11	1	3	3	0	17	17	0	12	12	0	17	17	0	16	16	0	34	34	0	2	2	0	16	16	0	15	14	1	23	9	14	26	24	2	28	26	2	6	6	0
Contig1978513546	18	1.785e-01	3.226e-01	7.614e-02	2.26e-05	8.797e-01	3.642e-02	8.548e+01	3.250e+01	-3.861e+00	1.839e+00	-1.121e+00	2.576e-01	0.050349285991765	2.26e-05	TRUE	Contig19785	13546	13546	+	17	7	10	11	10	1	12	12	0	18	18	0	8	7	1	4	2	2	18	16	2	13	13	0	7	0	7	13	4	9	34	23	11	8	0	8	21	10	11	32	16	16	23	15	8	31	20	11	19	19	0	18	0	18
Contig20134861	18	3.525e-01	-3.195e-01	6.883e-02	3.462e-06	7.325e-01	2.534e-01	4.767e+00	1.072e+01	7.814e+00	1.320e+00	1.232e+00	3.835e-01	0.0197233100041112	3.462e-06	TRUE	Contig2013	4861	4861	+	14	14	0	13	13	0	13	12	1	10	8	2	13	11	2	7	7	0	19	19	0	14	14	0	26	25	1	5	5	0	6	6	0	9	9	0	24	22	2	21	20	1	12	7	5	16	15	1	14	13	1	26	25	1
Contig201484255	18	2.828e-01	6.463e-01	1.584e-01	4.503e-05	6.676e-01	2.626e-01	1.221e+01	1.537e+01	-6.173e+00	3.321e+00	-1.022e+00	7.478e-01	0.0702238868914347	4.503e-05	TRUE	Contig201484	255	255	+	9	7	2	9	9	0	11	11	0	8	8	0	8	8	0	6	6	0	8	8	0	8	8	0	10	10	0	6	6	0	11	11	0	6	5	1	14	14	0	22	22	0	14	14	0	21	21	0	5	5	0	10	10	0
Contig20226526	18	1.669e-01	-5.191e-01	1.133e-01	4.627e-06	8.448e-01	1.008e-01	3.921e+01	2.710e+01	1.192e+01	2.484e+00	2.881e+00	4.376e-01	0.023090449897165	4.627e-06	TRUE	Contig202	26526	26526	+	21	21	0	21	21	0	15	15	0	23	23	0	17	16	1	17	17	0	22	22	0	18	18	0	27	27	0	25	24	1	13	13	0	20	19	1	28	27	1	28	26	2	28	28	0	26	25	1	18	18	0	24	24	0
Contig2118451926	18	1.905e-01	4.781e-01	1.127e-01	2.205e-05	8.493e-01	1.000e-01	5.559e+01	3.740e+01	-5.509e+00	2.275e+00	-1.043e+00	4.396e-01	0.0495665298115534	2.205e-05	TRUE	Contig211845	1926	1926	+	7	7	0	6	5	1	5	5	0	14	13	1	18	18	0	9	9	0	18	17	1	15	6	9	25	23	2	11	8	3	3	3	0	15	13	2	14	14	0	24	23	1	10	10	0	11	10	1	12	12	0	14	12	2
Contig2128112003	18	2.129e-01	-2.849e-01	7.241e-02	8.327e-05	9.071e-01	8.679e-02	3.053e+01	2.843e+01	4.543e+00	1.645e+00	1.299e+00	3.733e-01	0.0980066632551007	8.327e-05	TRUE	Contig212811	2003	2003	+	6	4	2	7	6	1	8	2	6	5	5	0	5	3	2	3	2	1	4	4	0	5	3	2	9	8	1	7	1	6	5	1	4	3	1	2	7	0	7	8	0	8	7	3	4	7	1	6	8	5	3	8	6	2
Contig213476893	18	2.690e-01	4.206e-01	9.820e-02	1.838e-05	7.676e-01	2.231e-01	1.100e+01	1.744e+01	-3.798e+00	1.907e+00	-7.844e-01	5.011e-01	0.0479550957552244	1.838e-05	TRUE	Contig21347	6893	6893	+	20	18	2	12	12	0	20	19	1	13	13	0	12	12	0	11	11	0	10	9	1	16	16	0	20	19	1	7	7	0	6	6	0	14	12	2	28	28	0	24	24	0	18	18	0	21	21	0	11	9	2	24	23	1
Contig215334897	18	2.039e-01	-4.954e-01	1.236e-01	6.111e-05	8.379e-01	1.071e-01	6.585e+01	3.495e+01	9.790e+00	2.672e+00	1.720e+00	4.404e-01	0.0856633750370779	6.111e-05	TRUE	Contig21533	4897	4897	+	7	7	0	6	6	0	6	5	1	15	14	1	13	13	0	11	5	6	13	13	0	12	11	1	15	10	5	12	12	0	4	4	0	12	7	5	20	12	8	14	8	6	6	0	6	10	10	0	6	6	0	12	10	2
Contig2180117389	18	2.859e-01	5.560e-01	1.198e-01	3.469e-06	6.304e-01	2.846e-01	1.010e+01	1.511e+01	-8.364e+00	2.158e+00	-8.523e-01	4.788e-01	0.0197233100041112	3.469e-06	TRUE	Contig21801	17389	17389	+	3	2	1	8	2	6	13	12	1	14	9	5	6	6	0	6	6	0	15	9	6	9	5	4	9	4	5	20	19	1	13	12	1	15	4	11	18	18	0	18	18	0	20	20	0	23	23	0	11	10	1	16	15	1
Contig218272401	18	1.984e-01	2.994e-01	7.202e-02	3.223e-05	8.895e-01	8.624e-02	3.311e+01	2.937e+01	-1.716e+00	1.546e+00	-9.731e-01	3.186e-01	0.0595702519179396	3.223e-05	TRUE	Contig218272	401	401	+	16	16	0	16	13	3	24	23	1	16	14	2	15	14	1	18	18	0	16	8	8	21	19	2	18	17	1	32	28	4	34	32	2	17	16	1	33	32	1	33	33	0	38	38	0	34	32	2	32	27	5	12	11	1
Contig221432429	18	2.904e-01	-3.807e-01	8.306e-02	4.575e-06	6.162e-01	2.811e-01	6.041e+00	1.362e+01	6.900e+00	1.337e+00	2.323e+00	5.180e-01	0.023090449897165	4.575e-06	TRUE	Contig22143	2429	2429	+	25	24	1	15	15	0	22	20	2	25	24	1	18	16	2	10	8	2	32	32	0	25	24	1	29	28	1	36	33	3	50	50	0	17	17	0	48	47	1	34	34	0	44	36	8	49	40	9	39	37	2	26	26	0
Contig2237628592	18	2.462e-01	-7.556e-01	1.505e-01	5.108e-07	7.872e-01	2.037e-01	2.563e+01	2.675e+01	1.466e+01	3.141e+00	3.998e+00	7.926e-01	0.00718863044669681	5.108e-07	TRUE	Contig22376	28592	28592	+	7	7	0	5	5	0	5	5	0	11	11	0	7	5	2	3	3	0	5	5	0	6	6	0	10	10	0	10	10	0	17	17	0	5	5	0	13	12	1	13	13	0	11	10	1	13	12	1	7	7	0	6	6	0
Contig2249010552	18	2.577e-01	4.977e-01	1.254e-01	7.258e-05	8.232e-01	1.850e-01	1.587e+01	2.237e+01	-4.720e+00	2.396e+00	-8.139e-01	4.255e-01	0.0923982598554312	7.258e-05	TRUE	Contig22490	10552	10552	+	15	14	1	17	17	0	11	11	0	22	21	1	11	11	0	13	13	0	21	20	1	25	24	1	16	15	1	10	10	0	2	2	0	18	14	4	6	6	0	15	15	0	20	20	0	5	4	1	9	9	0	18	17	1
Contig226385094	18	2.065e-01	2.743e-01	6.981e-02	8.537e-05	6.565e-01	1.709e-01	4.894e+00	4.882e+00	-2.693e+00	1.364e+00	-8.208e-01	2.510e-01	0.0986176001829526	8.537e-05	TRUE	Contig22638	5094	5094	+	22	15	7	6	6	0	30	27	3	10	9	1	3	3	0	4	4	0	15	14	1	15	12	3	45	25	20	42	20	22	54	47	7	18	8	10	42	29	13	60	39	21	32	32	0	62	59	3	56	49	7	35	10	25
Contig2263913522	18	2.684e-01	-5.440e-01	1.228e-01	9.341e-06	8.434e-01	2.074e-01	2.885e+01	3.416e+01	8.768e+00	2.182e+00	2.585e+00	7.158e-01	0.0360151287485165	9.341e-06	TRUE	Contig22639	13522	13522	+	4	4	0	2	2	0	3	1	2	4	3	1	2	1	1	4	4	0	4	2	2	4	4	0	3	3	0	5	4	1	6	6	0	3	3	0	8	6	2	6	4	2	7	1	6	6	2	4	6	5	1	3	3	0
Contig2265426201	18	2.845e-01	-6.623e-01	1.677e-01	7.875e-05	6.727e-01	2.732e-01	1.033e+01	1.497e+01	1.063e+01	2.866e+00	4.815e+00	1.026e+00	0.0944691759801241	7.875e-05	TRUE	Contig22654	26201	26201	+	10	10	0	7	7	0	8	8	0	14	13	1	4	4	0	4	4	0	7	7	0	16	16	0	12	12	0	21	21	0	16	16	0	5	5	0	16	16	0	15	14	1	18	18	0	18	17	1	13	13	0	6	6	0
Contig2267921572	18	2.602e-01	-1.496e+00	3.590e-01	3.107e-05	6.782e-01	2.440e-01	2.096e+01	2.297e+01	2.007e+01	4.268e+00	7.933e+00	2.393e+00	0.0584586400187572	3.107e-05	TRUE	Contig22679	21572	21572	+	5	5	0	3	3	0	6	5	1	5	5	0	4	4	0	5	5	0	4	4	0	4	4	0	11	11	0	4	4	0	5	5	0	4	4	0	5	5	0	5	4	1	7	5	2	9	8	1	8	8	0	3	3	0
Contig2275725000	18	3.054e-01	-3.522e-01	8.935e-02	8.101e-05	7.629e-01	2.325e-01	7.630e+00	1.360e+01	6.480e+00	1.601e+00	2.443e+00	5.561e-01	0.0962547647951122	8.101e-05	TRUE	Contig22757	25000	25000	+	14	14	0	7	7	0	14	13	1	17	15	2	12	10	2	10	9	1	13	13	0	9	9	0	15	15	0	13	12	1	18	18	0	14	13	1	16	15	1	15	15	0	18	16	2	12	11	1	16	16	0	11	11	0
Contig229987506	18	3.557e-01	-3.191e-01	8.043e-02	7.249e-05	6.279e-01	2.712e-01	2.210e+00	4.192e+00	7.034e+00	1.371e+00	1.649e+00	4.357e-01	0.0923982598554312	7.249e-05	TRUE	Contig22998	7506	7506	+	24	24	0	12	11	1	14	12	2	28	28	0	14	12	2	14	13	1	28	27	1	23	22	1	27	26	1	34	33	1	50	49	1	18	18	0	34	31	3	48	47	1	38	30	8	54	49	5	30	29	1	17	17	0
Contig229987604	18	1.794e-01	-4.808e-01	1.189e-01	5.248e-05	7.740e-01	1.165e-01	3.225e+01	2.915e+01	8.876e+00	2.009e+00	2.295e+00	5.077e-01	0.0774836412082936	5.248e-05	TRUE	Contig22998	7604	7604	+	26	26	0	15	15	0	25	23	2	24	23	1	15	13	2	10	10	0	27	27	0	20	20	0	25	21	4	40	38	2	66	62	4	14	14	0	41	37	4	39	27	12	47	46	1	46	19	27	41	39	2	26	26	0
Contig232493681	18	3.038e-01	5.081e-01	1.234e-01	3.826e-05	8.107e-01	2.103e-01	9.413e+00	1.522e+01	-5.293e+00	2.092e+00	-1.381e+00	4.411e-01	0.0623959547657563	3.826e-05	TRUE	Contig23249	3681	3681	+	3	3	0	9	8	1	7	7	0	9	8	1	6	6	0	8	8	0	7	5	2	5	4	1	13	12	1	11	10	1	4	4	0	11	8	3	10	10	0	18	18	0	14	14	0	9	9	0	6	5	1	6	4	2
Contig237504326	18	2.822e-01	-8.678e-01	1.818e-01	1.803e-06	7.066e-01	2.517e-01	2.106e+01	2.716e+01	1.282e+01	4.189e+00	5.036e+00	8.797e-01	0.0140335301390187	1.803e-06	TRUE	Contig237504	326	326	+	4	4	0	3	3	0	5	5	0	4	4	0	4	3	1	2	2	0	3	3	0	5	5	0	7	7	0	6	6	0	2	2	0	7	7	0	3	3	0	7	6	1	4	3	1	3	2	1	4	3	1	7	7	0
Contig240931914	18	2.284e-01	-8.827e-01	2.227e-01	7.391e-05	6.904e-01	2.460e-01	2.802e+01	2.796e+01	1.643e+01	4.376e+00	4.555e+00	9.372e-01	0.092715206404854	7.391e-05	TRUE	Contig24093	1914	1914	+	8	8	0	8	8	0	14	12	2	5	5	0	11	10	1	9	9	0	14	14	0	12	12	0	7	7	0	6	6	0	5	5	0	4	4	0	8	8	0	10	10	0	8	8	0	13	13	0	4	4	0	6	6	0
Contig242159978	18	2.918e-01	4.475e-01	1.126e-01	7.031e-05	7.321e-01	2.571e-01	9.501e+00	1.591e+01	-2.631e+00	1.996e+00	-1.430e+00	4.039e-01	0.091851579804724	7.031e-05	TRUE	Contig24215	9978	9978	+	16	14	2	16	16	0	10	10	0	11	11	0	10	10	0	10	10	0	18	17	1	14	13	1	19	17	2	13	13	0	4	4	0	21	21	0	20	20	0	17	17	0	14	14	0	20	20	0	10	10	0	15	13	2
Contig2442012986	18	2.173e-01	-9.252e-01	2.243e-01	3.703e-05	8.069e-01	2.329e-01	4.219e+01	3.801e+01	1.742e+01	3.210e+00	4.661e+00	1.933e+00	0.0618839140725134	3.703e-05	TRUE	Contig24420	12986	12986	+	10	10	0	7	7	0	11	11	0	14	14	0	4	3	1	6	5	1	15	15	0	7	7	0	10	10	0	17	17	0	7	7	0	7	7	0	15	15	0	20	20	0	19	18	1	21	19	2	11	11	0	13	13	0
Contig2457519813	18	3.260e-01	-5.608e-01	1.347e-01	3.155e-05	6.099e-01	2.916e-01	1.068e+01	1.757e+01	8.035e+00	2.118e+00	3.744e+00	8.667e-01	0.0587485923195419	3.155e-05	TRUE	Contig24575	19813	19813	+	8	8	0	6	6	0	9	7	2	3	3	0	2	2	0	2	2	0	9	8	1	4	4	0	7	6	1	4	4	0	2	2	0	9	9	0	8	8	0	16	15	1	8	7	1	8	6	2	5	5	0	12	12	0
Contig2474537011	18	2.992e-01	-5.816e-01	1.385e-01	2.665e-05	6.808e-01	2.719e-01	7.757e+00	1.273e+01	9.807e+00	2.156e+00	3.673e+00	9.179e-01	0.0549559529101953	2.665e-05	TRUE	Contig24745	37011	37011	+	16	16	0	11	11	0	18	17	1	16	15	1	11	10	1	10	10	0	17	17	0	9	9	0	18	17	1	17	17	0	18	18	0	12	12	0	22	21	1	29	28	1	26	24	2	18	17	1	15	15	0	15	15	0
Contig24928925	18	3.075e-01	-4.735e-01	1.168e-01	5.071e-05	7.132e-01	2.522e-01	1.179e+01	1.722e+01	1.045e+01	1.845e+00	2.252e+00	7.789e-01	0.0757669908261218	5.071e-05	TRUE	Contig24928	925	925	+	8	8	0	9	9	0	9	9	0	8	8	0	6	5	1	6	6	0	13	13	0	11	11	0	14	14	0	2	2	0	10	10	0	12	12	0	17	17	0	15	15	0	12	10	2	16	15	1	6	5	1	11	11	0
Contig24983642	18	3.434e-01	4.180e-01	1.045e-01	6.323e-05	7.446e-01	2.396e-01	1.099e+01	1.943e+01	-3.810e+00	1.802e+00	-1.002e+00	4.156e-01	0.0871660782195868	6.323e-05	TRUE	Contig2498	3642	3642	+	12	9	3	9	9	0	7	7	0	7	7	0	12	12	0	9	9	0	9	8	1	6	6	0	13	11	2	6	6	0	2	2	0	10	8	2	11	10	1	7	7	0	3	3	0	5	5	0	6	5	1	15	13	2
Contig253327704	18	2.813e-01	6.529e-01	1.567e-01	3.103e-05	6.469e-01	2.546e-01	1.428e+01	1.830e+01	-5.140e+00	2.962e+00	-1.781e+00	6.596e-01	0.0584586400187572	3.103e-05	TRUE	Contig25332	7704	7704	+	11	10	1	5	5	0	5	5	0	7	6	1	7	7	0	5	5	0	5	5	0	8	8	0	7	7	0	4	4	0	9	9	0	4	4	0	5	5	0	8	8	0	6	6	0	7	7	0	5	5	0	9	8	1
Contig256461510	18	1.969e-01	2.885e-01	7.216e-02	6.405e-05	8.306e-01	1.535e-01	2.147e+01	2.226e+01	-2.943e+00	1.633e+00	-8.540e-01	3.206e-01	0.0878113483396201	6.405e-05	TRUE	Contig25646	1510	1510	+	21	12	9	21	21	0	26	25	1	16	16	0	16	16	0	13	13	0	30	29	1	15	10	5	24	17	7	21	19	2	44	41	3	21	17	4	39	39	0	50	50	0	42	41	1	42	42	0	32	24	8	28	27	1
Contig257809917	18	1.618e-01	1.823e-01	4.460e-02	4.349e-05	9.636e-01	5.098e-02	4.634e+01	3.241e+01	-9.581e-01	1.030e+00	-4.988e-01	1.810e-01	0.0686807802597648	4.349e-05	TRUE	Contig25780	9917	9917	+	25	25	0	16	13	3	29	25	4	25	22	3	20	18	2	11	11	0	32	17	15	21	20	1	23	18	5	40	26	14	29	23	6	16	11	5	38	30	8	34	29	5	38	36	2	37	35	2	31	28	3	28	21	7
Contig2600749118	18	2.722e-01	5.535e-01	1.260e-01	1.124e-05	7.502e-01	2.496e-01	1.394e+01	1.912e+01	-5.972e+00	2.255e+00	-4.447e-01	5.885e-01	0.0389526236168345	1.124e-05	TRUE	Contig26007	49118	49118	+	13	12	1	10	9	1	7	7	0	10	10	0	16	16	0	7	7	0	12	12	0	10	10	0	11	10	1	10	10	0	4	4	0	16	15	1	15	15	0	11	11	0	9	9	0	13	13	0	11	11	0	13	13	0
Contig2614617734	18	3.051e-01	5.290e-01	9.996e-02	1.207e-07	6.353e-01	2.717e-01	8.844e+00	1.562e+01	-4.996e+00	1.963e+00	-1.395e+00	4.677e-01	0.00363162959362645	1.207e-07	TRUE	Contig26146	17734	17734	+	11	8	3	12	12	0	12	12	0	11	10	1	13	13	0	6	6	0	8	8	0	12	11	1	15	13	2	5	5	0	7	7	0	7	7	0	16	16	0	20	20	0	18	18	0	14	14	0	13	12	1	14	12	2
Contig2622241801	18	2.624e-01	-4.215e-01	1.060e-01	6.98e-05	8.132e-01	1.977e-01	1.496e+01	2.233e+01	9.145e+00	2.355e+00	2.037e+00	6.484e-01	0.0916652487585519	6.98e-05	TRUE	Contig26222	41801	41801	+	10	10	0	12	12	0	7	6	1	9	9	0	11	10	1	6	5	1	16	16	0	6	6	0	11	11	0	7	7	0	13	13	0	18	17	1	19	17	2	12	11	1	12	9	3	16	14	2	7	7	0	9	9	0
Contig263491196	18	1.787e-01	-7.398e-01	1.729e-01	1.874e-05	9.212e-01	7.510e-02	4.461e+01	3.252e+01	8.038e+00	3.046e+00	1.331e+00	5.512e-01	0.0479550957552244	1.874e-05	TRUE	Contig26349	1196	1196	+	20	9	11	13	0	13	16	0	16	17	0	17	14	0	14	11	0	11	20	0	20	20	0	20	16	0	16	25	7	18	47	0	47	12	1	11	28	0	28	34	0	34	41	0	41	41	0	41	27	0	27	15	0	15
Contig26464717	18	3.085e-01	5.861e-01	1.492e-01	8.533e-05	5.617e-01	2.860e-01	1.087e+01	1.525e+01	-6.220e+00	2.748e+00	-1.179e+00	8.452e-01	0.0986176001829526	8.533e-05	TRUE	Contig2646	4717	4717	+	11	10	1	8	7	1	7	7	0	6	6	0	7	7	0	7	7	0	10	7	3	10	9	1	6	6	0	4	3	1	7	7	0	9	7	2	5	5	0	11	11	0	10	10	0	9	9	0	8	8	0	5	5	0
Contig26726160	18	2.689e-01	-4.051e-01	1.008e-01	5.815e-05	6.557e-01	2.691e-01	1.029e+01	1.622e+01	8.824e+00	1.930e+00	2.101e+00	5.613e-01	0.0829114613924569	5.815e-05	TRUE	Contig267	26160	26160	+	13	13	0	7	7	0	16	16	0	14	13	1	14	13	1	9	8	1	17	17	0	15	15	0	22	22	0	19	19	0	20	19	1	13	13	0	27	26	1	27	26	1	28	26	2	28	24	4	22	21	1	21	21	0
Contig267611146	18	3.079e-01	-5.990e-01	1.408e-01	2.099e-05	7.678e-01	1.980e-01	1.254e+01	1.841e+01	7.837e+00	2.613e+00	4.759e+00	9.102e-01	0.0489476178365398	2.099e-05	TRUE	Contig26761	1146	1146	+	11	11	0	5	5	0	6	5	1	10	8	2	11	10	1	6	6	0	10	10	0	6	6	0	11	10	1	3	3	0	2	2	0	6	6	0	10	10	0	9	9	0	8	8	0	5	4	1	5	5	0	11	11	0
Contig2692710644	18	3.412e-01	4.914e-01	1.241e-01	7.512e-05	6.889e-01	2.529e-01	5.909e+00	9.853e+00	-4.064e+00	2.326e+00	-1.249e+00	4.322e-01	0.092715206404854	7.512e-05	TRUE	Contig26927	10644	10644	+	8	6	2	7	7	0	7	7	0	6	6	0	7	7	0	6	6	0	4	4	0	12	12	0	11	10	1	7	6	1	3	3	0	8	7	1	10	10	0	10	10	0	13	13	0	7	7	0	5	5	0	12	11	1
Contig26943895	18	2.794e-01	8.413e-01	1.799e-01	2.919e-06	5.175e-01	2.597e-01	1.061e+01	1.391e+01	-9.258e+00	2.777e+00	-2.240e+00	7.485e-01	0.0186755064337596	2.919e-06	TRUE	Contig26943	895	895	+	12	10	2	13	10	3	8	8	0	8	8	0	5	5	0	4	4	0	15	14	1	3	2	1	11	11	0	3	3	0	3	3	0	9	3	6	11	11	0	8	8	0	8	8	0	10	10	0	8	8	0	8	3	5
Contig269499637	18	3.557e-01	-3.356e-01	8.403e-02	6.515e-05	7.089e-01	2.509e-01	5.913e+00	1.212e+01	6.673e+00	1.379e+00	1.802e+00	5.768e-01	0.0881766485019354	6.515e-05	TRUE	Contig26949	9637	9637	+	2	2	0	6	6	0	11	10	1	11	11	0	5	4	1	10	9	1	12	12	0	6	6	0	14	12	2	13	13	0	4	4	0	9	8	1	11	11	0	17	14	3	9	7	2	5	4	1	8	7	1	15	15	0
Contig2738417361	18	2.238e-01	-6.550e-01	1.500e-01	1.261e-05	7.669e-01	1.755e-01	1.656e+01	1.756e+01	8.881e+00	2.243e+00	4.460e+00	8.513e-01	0.0408627189931557	1.261e-05	TRUE	Contig27384	17361	17361	+	22	22	0	13	13	0	17	16	1	17	15	2	16	11	5	10	10	0	22	22	0	16	16	0	23	17	6	19	19	0	22	22	0	13	12	1	27	26	1	27	26	1	28	24	4	23	21	2	18	18	0	20	20	0
Contig274941437	18	3.382e-01	-6.634e-01	1.690e-01	8.678e-05	6.749e-01	2.711e-01	5.816e+00	1.216e+01	1.004e+01	2.265e+00	4.192e+00	1.106e+00	0.0988731636757831	8.678e-05	TRUE	Contig27494	1437	1437	+	4	4	0	17	17	0	10	10	0	10	8	2	6	6	0	9	8	1	15	15	0	8	8	0	12	12	0	11	11	0	12	12	0	14	14	0	18	17	1	13	12	1	16	13	3	17	16	1	10	10	0	15	15	0
Contig2753137	18	1.975e-01	4.320e-01	1.003e-01	1.663e-05	9.098e-01	6.908e-02	2.848e+01	2.697e+01	-2.223e+00	2.468e+00	-1.326e+00	7.217e-01	0.0466235289434333	1.663e-05	TRUE	Contig275	3137	3137	+	15	15	0	13	11	2	14	14	0	17	16	1	10	10	0	10	10	0	18	15	3	13	12	1	22	21	1	26	26	0	27	27	0	11	11	0	24	24	0	23	23	0	33	33	0	28	28	0	18	18	0	14	13	1
Contig2798120606	18	3.502e-01	-3.549e-01	8.908e-02	6.758e-05	7.609e-01	2.395e-01	5.807e+00	1.207e+01	6.995e+00	1.554e+00	1.724e+00	4.788e-01	0.0896939681086965	6.758e-05	TRUE	Contig27981	20606	20606	+	10	10	0	11	10	1	11	10	1	9	8	1	8	7	1	10	9	1	14	14	0	9	9	0	7	6	1	7	7	0	8	7	1	5	4	1	8	7	1	14	12	2	10	6	4	16	11	5	6	6	0	11	11	0
Contig2825217734	18	2.791e-01	-6.412e-01	1.544e-01	3.27e-05	8.137e-01	2.073e-01	3.238e+01	3.357e+01	1.513e+01	3.396e+00	2.747e+00	9.714e-01	0.0599557515314327	3.27e-05	TRUE	Contig28252	17734	17734	+	5	5	0	6	6	0	3	3	0	3	3	0	9	9	0	3	3	0	6	6	0	3	3	0	6	6	0	4	4	0	5	5	0	5	5	0	6	6	0	9	9	0	5	4	1	4	4	0	4	4	0	7	7	0
Contig2842717911	18	2.634e-01	5.603e-01	1.174e-01	1.832e-06	7.459e-01	2.311e-01	8.437e+00	1.082e+01	-5.145e+00	2.159e+00	-1.431e+00	3.564e-01	0.0140335301390187	1.832e-06	TRUE	Contig28427	17911	17911	+	21	18	3	18	18	0	17	17	0	15	14	1	7	7	0	13	13	0	15	13	2	12	12	0	22	19	3	27	27	0	12	12	0	18	16	2	20	20	0	28	28	0	24	24	0	22	22	0	15	15	0	21	18	3
Contig28857477	18	2.833e-01	-5.609e-01	1.338e-01	2.786e-05	7.538e-01	2.324e-01	1.492e+01	2.061e+01	1.032e+01	2.165e+00	2.932e+00	8.398e-01	0.056061191859058	2.786e-05	TRUE	Contig2885	7477	7477	+	7	7	0	5	5	0	6	6	0	15	15	0	9	8	1	4	4	0	13	13	0	6	6	0	9	8	1	13	13	0	4	4	0	10	10	0	14	14	0	15	14	1	8	5	3	9	8	1	11	11	0	11	11	0
Contig288914453	18	3.507e-01	3.661e-01	8.625e-02	2.184e-05	6.489e-01	2.779e-01	4.511e+00	1.025e+01	-3.280e+00	1.485e+00	-6.395e-01	4.826e-01	0.0495665298115534	2.184e-05	TRUE	Contig2889	14453	14453	+	16	13	3	11	10	1	10	10	0	18	18	0	7	7	0	12	12	0	13	13	0	9	8	1	14	12	2	15	14	1	20	20	0	9	7	2	16	16	0	25	25	0	23	23	0	23	22	1	18	18	0	15	14	1
Contig289758473	18	3.063e-01	-4.002e-01	8.567e-02	2.995e-06	7.567e-01	2.497e-01	1.075e+01	1.967e+01	7.688e+00	1.772e+00	2.402e+00	5.471e-01	0.0186827040852629	2.995e-06	TRUE	Contig28975	8473	8473	+	8	8	0	20	18	2	10	9	1	15	15	0	16	12	4	9	8	1	7	7	0	7	7	0	18	18	0	5	5	0	3	3	0	31	30	1	15	14	1	21	21	0	9	8	1	12	11	1	7	7	0	30	30	0
Contig2927912325	18	3.174e-01	5.300e-01	1.212e-01	1.225e-05	6.384e-01	2.939e-01	1.204e+01	2.216e+01	-4.591e+00	2.666e+00	-1.411e+00	4.593e-01	0.0402184562067429	1.225e-05	TRUE	Contig29279	12325	12325	+	3	3	0	5	5	0	8	8	0	10	10	0	7	7	0	3	3	0	4	4	0	15	14	1	7	6	1	23	21	2	12	12	0	7	7	0	18	18	0	11	11	0	20	20	0	18	18	0	20	19	1	14	12	2
Contig299713288	18	1.984e-01	-4.687e-01	1.194e-01	8.67e-05	8.993e-01	1.640e-01	4.118e+01	3.226e+01	7.831e+00	1.826e+00	2.919e+00	9.447e-01	0.0988731636757831	8.67e-05	TRUE	Contig29971	3288	3288	+	18	18	0	15	14	1	16	7	9	17	16	1	13	11	2	9	9	0	13	12	1	14	14	0	6	6	0	17	16	1	25	25	0	11	9	2	24	22	2	30	27	3	32	26	6	31	20	11	26	24	2	13	13	0
Contig303536339	18	1.811e-01	7.642e-01	1.733e-01	1.036e-05	6.782e-01	1.444e-01	4.135e+01	3.089e+01	-9.907e+00	3.444e+00	-1.136e+00	5.954e-01	0.0371069782070282	1.036e-05	TRUE	Contig30353	6339	6339	+	8	6	2	8	8	0	10	10	0	14	14	0	7	7	0	7	7	0	12	12	0	13	8	5	12	6	6	16	16	0	20	20	0	9	4	5	19	19	0	23	21	2	19	19	0	13	13	0	13	13	0	12	10	2
Contig3057215642	18	2.507e-01	5.539e-01	1.161e-01	1.822e-06	7.223e-01	2.485e-01	2.256e+01	2.829e+01	-4.724e+00	2.481e+00	-1.592e+00	4.772e-01	0.0140335301390187	1.822e-06	TRUE	Contig30572	15642	15642	+	11	10	1	11	11	0	16	16	0	13	12	1	8	8	0	6	6	0	14	14	0	16	15	1	14	11	3	10	10	0	24	23	1	9	7	2	15	15	0	29	29	0	27	27	0	31	31	0	10	10	0	15	13	2
Contig3072611742	18	2.894e-01	7.104e-01	1.649e-01	1.653e-05	6.819e-01	2.404e-01	1.602e+01	2.159e+01	-8.137e+00	2.951e+00	-1.724e+00	5.718e-01	0.0466235289434333	1.653e-05	TRUE	Contig30726	11742	11742	+	4	2	2	4	4	0	5	5	0	7	6	1	5	5	0	7	7	0	7	6	1	7	6	1	6	6	0	3	3	0	8	8	0	5	4	1	6	6	0	13	13	0	11	11	0	7	7	0	7	5	2	6	5	1
Contig3096829459	18	2.731e-01	-5.462e-01	1.089e-01	5.275e-07	6.500e-01	2.587e-01	7.871e+00	1.170e+01	9.419e+00	2.122e+00	2.847e+00	5.285e-01	0.00718863044669681	5.275e-07	TRUE	Contig30968	29459	29459	+	5	5	0	8	8	0	14	11	3	14	11	3	12	8	4	6	6	0	13	13	0	14	13	1	15	14	1	17	17	0	14	13	1	15	14	1	18	14	4	24	20	4	24	17	7	19	12	7	17	17	0	14	14	0
Contig3154613189	18	2.635e-01	-1.278e+00	3.189e-01	6.148e-05	7.736e-01	1.962e-01	2.864e+01	3.070e+01	1.655e+01	4.107e+00	7.906e+00	2.544e+00	0.0857005733699154	6.148e-05	TRUE	Contig31546	13189	13189	+	4	4	0	3	3	0	7	6	1	4	4	0	3	3	0	4	4	0	3	3	0	2	2	0	5	5	0	2	2	0	3	3	0	2	2	0	3	3	0	8	8	0	7	7	0	7	6	1	2	2	0	4	4	0
Contig321079671	18	2.012e-01	-9.964e-01	1.946e-01	3.041e-07	8.309e-01	2.188e-01	5.474e+01	3.793e+01	1.969e+01	4.217e+00	4.620e+00	1.808e+00	0.00528646709698078	3.041e-07	TRUE	Contig32107	9671	9671	+	7	7	0	9	9	0	11	11	0	9	9	0	5	4	1	3	3	0	7	7	0	3	3	0	7	7	0	10	10	0	15	15	0	4	3	1	14	14	0	13	12	1	12	9	3	16	12	4	9	9	0	5	5	0
Contig321642571	18	2.975e-01	-6.304e-01	1.476e-01	1.942e-05	7.112e-01	2.459e-01	1.344e+01	1.807e+01	7.831e+00	2.411e+00	4.489e+00	9.800e-01	0.0479550957552244	1.942e-05	TRUE	Contig32164	2571	2571	+	3	3	0	5	5	0	4	3	1	7	7	0	2	2	0	5	4	1	3	3	0	5	5	0	7	6	1	10	9	1	3	3	0	4	4	0	14	14	0	13	12	1	6	5	1	12	9	3	9	8	1	10	10	0
Contig3256640823	18	2.215e-01	-6.035e-01	1.495e-01	5.404e-05	8.260e-01	2.175e-01	2.428e+01	2.851e+01	1.101e+01	2.636e+00	3.468e+00	7.518e-01	0.0788537096929663	5.404e-05	TRUE	Contig32566	40823	40823	+	7	7	0	12	12	0	13	13	0	14	14	0	5	5	0	4	4	0	10	10	0	9	9	0	15	15	0	9	9	0	22	22	0	9	9	0	15	15	0	26	25	1	14	13	1	23	19	4	19	18	1	13	13	0
Contig3311916337	18	1.885e-01	-4.873e-01	1.077e-01	6.055e-06	8.371e-01	9.909e-02	6.800e+01	3.552e+01	1.086e+01	2.684e+00	1.205e+00	3.104e-01	0.0265058778048248	6.055e-06	TRUE	Contig33119	16337	16337	+	13	13	0	8	7	1	9	0	9	22	19	3	9	9	0	7	2	5	16	16	0	7	2	5	18	18	0	13	13	0	19	11	8	13	12	1	15	13	2	20	13	7	18	9	9	14	10	4	18	15	3	18	17	1
Contig3311917449	18	1.741e-01	-3.228e-01	6.764e-02	1.816e-06	8.613e-01	1.535e-01	2.849e+01	2.762e+01	6.526e+00	1.572e+00	8.212e-01	2.369e-01	0.0140335301390187	1.816e-06	TRUE	Contig33119	17449	17449	+	16	14	2	20	18	2	26	0	26	24	14	10	12	5	7	15	8	7	19	11	8	23	10	13	28	27	1	36	32	4	41	25	16	10	6	4	17	13	4	28	19	9	31	0	31	30	21	9	31	19	12	14	11	3
Contig3311918454	18	2.066e-01	-5.394e-01	8.798e-02	8.76e-10	8.703e-01	5.597e-02	3.992e+01	2.657e+01	8.718e+00	1.859e+00	1.585e+00	2.618e-01	0.000104298768716392	8.76e-10	TRUE	Contig33119	18454	18454	+	13	12	1	9	7	2	7	0	7	10	5	5	9	2	7	9	5	4	10	8	2	10	6	4	12	10	2	17	16	1	23	14	9	11	3	8	28	13	15	18	0	18	30	0	30	24	11	13	19	12	7	14	9	5
Contig340142966	18	1.498e-01	-4.229e-01	8.888e-02	1.957e-06	9.606e-01	5.332e-02	6.822e+01	3.525e+01	8.636e+00	2.183e+00	2.323e+00	3.844e-01	0.0143619962269899	1.957e-06	TRUE	Contig34014	2966	2966	+	9	8	1	13	13	0	12	10	2	17	16	1	10	10	0	15	14	1	12	12	0	15	14	1	9	9	0	20	10	10	30	23	7	9	0	9	15	0	15	9	1	8	24	17	7	11	0	11	28	27	1	15	13	2
Contig3508921593	18	3.463e-01	7.210e-01	1.605e-01	7.049e-06	6.512e-01	2.678e-01	8.190e+00	1.622e+01	-9.169e+00	2.465e+00	-1.211e+00	5.217e-01	0.0288337132591517	7.049e-06	TRUE	Contig35089	21593	21593	+	10	6	4	6	6	0	4	4	0	13	11	2	11	11	0	8	8	0	10	9	1	7	7	0	18	17	1	6	6	0	6	6	0	14	9	5	10	10	0	9	9	0	9	9	0	10	10	0	8	7	1	13	12	1
Contig3517642605	18	3.205e-01	-7.093e-01	1.418e-01	5.615e-07	6.629e-01	2.900e-01	1.459e+01	2.223e+01	7.961e+00	2.505e+00	5.063e+00	9.907e-01	0.00718863044669681	5.615e-07	TRUE	Contig35176	42605	42605	+	5	5	0	4	4	0	5	5	0	2	1	1	3	2	1	3	2	1	3	3	0	3	3	0	3	2	1	5	5	0	5	5	0	4	4	0	3	3	0	6	6	0	7	5	2	7	4	3	6	5	1	7	7	0
Contig356093336	18	3.093e-01	-4.915e-01	1.241e-01	7.472e-05	6.267e-01	2.808e-01	1.249e+01	2.181e+01	7.476e+00	2.404e+00	3.318e+00	6.807e-01	0.092715206404854	7.472e-05	TRUE	Contig35609	3336	3336	+	11	11	0	11	11	0	4	4	0	10	7	3	7	7	0	7	6	1	8	8	0	9	8	1	13	12	1	10	10	0	3	3	0	10	10	0	9	8	1	7	7	0	10	8	2	3	2	1	12	12	0	12	12	0
Contig3601610705	18	2.761e-01	7.168e-01	1.737e-01	3.692e-05	6.985e-01	2.924e-01	2.476e+01	3.383e+01	-3.368e+00	3.392e+00	-2.179e+00	7.397e-01	0.0618839140725134	3.692e-05	TRUE	Contig36016	10705	10705	+	7	6	1	10	10	0	5	5	0	12	12	0	5	5	0	2	2	0	13	13	0	5	5	0	11	11	0	6	6	0	4	4	0	14	14	0	11	11	0	17	17	0	12	12	0	9	9	0	8	8	0	14	14	0
Contig3628620750	18	2.372e-01	6.862e-01	1.654e-01	3.358e-05	7.923e-01	2.149e-01	3.439e+01	3.291e+01	-6.279e+00	3.256e+00	-2.565e+00	8.693e-01	0.0599557515314327	3.358e-05	TRUE	Contig36286	20750	20750	+	3	1	2	3	3	0	4	4	0	6	5	1	4	4	0	2	2	0	6	3	3	7	5	2	4	4	0	6	6	0	5	5	0	2	2	0	6	6	0	7	7	0	7	7	0	12	12	0	6	5	1	7	5	2
Contig365461310	18	1.547e-01	5.223e-01	1.231e-01	2.196e-05	9.322e-01	7.053e-02	7.804e+01	3.831e+01	-3.839e+00	2.556e+00	-1.671e+00	3.796e-01	0.0495665298115534	2.196e-05	TRUE	Contig36546	1310	1310	+	14	14	0	5	5	0	11	11	0	18	17	1	3	3	0	6	6	0	23	23	0	10	10	0	17	15	2	20	18	2	37	37	0	11	10	1	25	25	0	28	28	0	26	26	0	39	39	0	14	14	0	17	10	7
Contig3668927435	18	2.018e-01	4.517e-01	1.090e-01	3.423e-05	8.226e-01	1.369e-01	5.296e+01	3.343e+01	-6.119e+00	2.586e+00	-9.733e-01	3.218e-01	0.0600737504683924	3.423e-05	TRUE	Contig36689	27435	27435	+	29	27	2	14	13	1	28	28	0	33	31	2	15	15	0	13	13	0	38	32	6	27	16	11	29	28	1	53	22	31	67	65	2	18	18	0	46	44	2	46	42	4	51	50	1	57	52	5	45	44	1	30	28	2
Contig36913914	18	2.779e-01	-5.341e-01	1.018e-01	1.56e-07	7.559e-01	2.238e-01	1.099e+01	1.544e+01	8.313e+00	2.186e+00	3.518e+00	4.955e-01	0.00363162959362645	1.56e-07	TRUE	Contig369	13914	13914	+	6	6	0	2	2	0	9	8	1	2	2	0	8	7	1	10	9	1	3	3	0	5	5	0	13	13	0	12	11	1	4	4	0	9	9	0	4	4	0	10	8	2	12	11	1	12	9	3	11	10	1	15	15	0
Contig3695818668	18	1.656e-01	2.767e-01	6.500e-02	2.076e-05	9.487e-01	6.872e-02	4.394e+01	3.142e+01	-7.207e+00	1.489e+00	-1.068e+00	2.974e-01	0.0488679795646905	2.076e-05	TRUE	Contig36958	18668	18668	+	13	0	13	13	0	13	13	0	13	12	0	12	9	0	9	8	5	3	14	0	14	15	0	15	17	0	17	16	6	10	15	6	9	14	0	14	22	6	16	17	7	10	16	4	12	17	6	11	21	0	21	16	0	16
Contig372005091	18	1.812e-01	5.252e-01	1.046e-01	5.194e-07	8.883e-01	1.418e-01	4.886e+01	3.486e+01	-2.719e+00	2.973e+00	-7.084e-01	5.392e-01	0.00718863044669681	5.194e-07	TRUE	Contig37200	5091	5091	+	9	9	0	14	14	0	9	9	0	2	2	0	10	10	0	10	10	0	10	10	0	10	10	0	15	15	0	9	8	1	18	18	0	11	5	6	15	15	0	20	20	0	22	22	0	14	14	0	13	13	0	9	8	1
Contig375442414	18	2.515e-01	-5.546e-01	1.402e-01	7.654e-05	7.480e-01	2.307e-01	1.704e+01	2.218e+01	1.230e+01	2.952e+00	2.705e+00	6.990e-01	0.0933808091483444	7.654e-05	TRUE	Contig37544	2414	2414	+	11	11	0	14	14	0	9	8	1	12	11	1	7	6	1	8	8	0	17	17	0	14	14	0	17	17	0	14	14	0	4	4	0	6	6	0	13	13	0	22	21	1	21	20	1	16	15	1	10	10	0	19	19	0
Contig3765620747	18	1.983e-01	-5.678e-01	1.360e-01	2.989e-05	8.409e-01	1.346e-01	3.442e+01	2.742e+01	1.306e+01	3.110e+00	3.088e+00	9.423e-01	0.0580469205366815	2.989e-05	TRUE	Contig37656	20747	20747	+	19	19	0	12	12	0	12	12	0	8	7	1	9	9	0	7	7	0	14	14	0	10	10	0	17	17	0	8	8	0	14	14	0	19	19	0	15	14	1	21	21	0	19	18	1	26	25	1	15	15	0	19	19	0
Contig3792823041	18	2.653e-01	-6.002e-01	1.456e-01	3.743e-05	7.681e-01	2.082e-01	1.173e+01	1.590e+01	1.061e+01	3.274e+00	3.539e+00	6.478e-01	0.0618839140725134	3.743e-05	TRUE	Contig37928	23041	23041	+	7	7	0	13	13	0	13	12	1	8	8	0	4	3	1	2	2	0	10	10	0	10	10	0	8	8	0	14	14	0	27	27	0	6	6	0	19	19	0	24	23	1	20	19	1	26	22	4	14	14	0	7	7	0
Contig3997426550	18	1.798e-01	-3.957e-01	9.255e-02	1.908e-05	8.636e-01	1.450e-01	2.233e+01	2.363e+01	8.077e+00	2.009e+00	2.570e+00	5.160e-01	0.0479550957552244	1.908e-05	TRUE	Contig39974	26550	26550	+	16	16	0	14	14	0	17	16	1	18	18	0	6	6	0	9	9	0	18	18	0	20	20	0	18	18	0	35	33	2	32	32	0	17	16	1	22	21	1	33	31	2	34	31	3	29	28	1	27	27	0	22	22	0
Contig410701663	18	2.410e-01	-5.962e-01	1.409e-01	2.329e-05	6.102e-01	2.106e-01	1.536e+01	1.599e+01	8.417e+00	2.451e+00	3.583e+00	8.775e-01	0.0514273261507554	2.329e-05	TRUE	Contig41070	1663	1663	+	14	14	0	10	10	0	13	5	8	9	9	0	7	2	5	8	6	2	13	12	1	4	4	0	18	16	2	12	12	0	15	15	0	8	7	1	20	14	6	16	15	1	17	15	2	24	10	14	14	12	2	7	7	0
Contig4135412716	18	2.919e-01	5.273e-01	1.203e-01	1.167e-05	7.752e-01	1.941e-01	1.002e+01	1.399e+01	-6.994e+00	2.399e+00	-1.076e-02	4.677e-01	0.0398887930432031	1.167e-05	TRUE	Contig41354	12716	12716	+	17	15	2	22	21	1	18	18	0	14	13	1	14	14	0	15	15	0	14	14	0	12	12	0	15	14	1	4	4	0	3	3	0	19	14	5	17	17	0	14	14	0	6	6	0	13	13	0	2	2	0	18	18	0
Contig413689107	18	3.407e-01	1.657e-01	3.396e-02	1.069e-06	7.719e-01	2.434e-01	1.926e+00	3.547e+00	-5.661e-01	6.118e-01	-3.606e-01	1.715e-01	0.0111139736600701	1.069e-06	TRUE	Contig41368	9107	9107	+	46	39	7	41	36	5	28	27	1	40	34	6	36	36	0	31	26	5	48	40	8	43	41	2	65	57	8	35	29	6	36	33	3	39	30	9	56	52	4	56	52	4	48	48	0	51	48	3	31	29	2	45	38	7
Contig4148015989	18	2.022e-01	4.021e-01	9.694e-02	3.364e-05	8.218e-01	2.151e-01	3.125e+01	2.999e+01	-3.050e+00	2.285e+00	-1.507e+00	4.284e-01	0.0599557515314327	3.364e-05	TRUE	Contig41480	15989	15989	+	11	11	0	12	11	1	12	12	0	19	16	3	19	19	0	10	10	0	18	14	4	20	19	1	15	11	4	25	22	3	24	22	2	22	21	1	27	27	0	33	33	0	40	40	0	39	39	0	23	22	1	24	21	3
Contig418661529	18	2.187e-01	4.970e-01	1.251e-01	7.138e-05	7.620e-01	2.309e-01	1.914e+01	2.375e+01	-5.617e+00	2.266e+00	-8.129e-01	4.458e-01	0.0922830913426394	7.138e-05	TRUE	Contig41866	1529	1529	+	15	14	1	8	7	1	16	16	0	11	11	0	10	10	0	6	6	0	18	16	2	16	16	0	12	8	4	12	11	1	16	16	0	18	15	3	21	21	0	22	22	0	17	17	0	11	11	0	15	14	1	22	21	1
Contig418675900	18	2.858e-01	-8.154e-01	1.964e-01	3.309e-05	7.190e-01	2.169e-01	1.368e+01	2.082e+01	1.132e+01	2.469e+00	5.330e+00	1.349e+00	0.0599557515314327	3.309e-05	TRUE	Contig41867	5900	5900	+	17	17	0	15	15	0	4	4	0	15	13	2	17	14	3	11	9	2	13	13	0	11	11	0	15	15	0	10	10	0	2	2	0	13	12	1	17	15	2	14	14	0	15	13	2	11	10	1	10	10	0	13	13	0
Contig418937461	18	3.351e-01	-4.572e-01	1.101e-01	3.316e-05	7.555e-01	2.545e-01	9.011e+00	1.848e+01	7.442e+00	2.153e+00	3.371e+00	6.089e-01	0.0599557515314327	3.316e-05	TRUE	Contig41893	7461	7461	+	15	15	0	13	13	0	9	9	0	18	17	1	8	7	1	6	5	1	16	16	0	10	10	0	17	16	1	11	11	0	6	6	0	11	11	0	9	8	1	9	9	0	8	8	0	9	8	1	11	11	0	21	21	0
Contig4197622007	18	2.411e-01	6.795e-01	1.641e-01	3.449e-05	7.068e-01	2.408e-01	2.289e+01	2.836e+01	-9.497e+00	2.418e+00	-5.729e-02	9.262e-01	0.0600737504683924	3.449e-05	TRUE	Contig41976	22007	22007	+	14	13	1	11	10	1	10	10	0	10	7	3	12	12	0	9	9	0	13	13	0	17	17	0	17	16	1	17	17	0	6	6	0	12	10	2	17	17	0	15	15	0	5	5	0	11	11	0	16	16	0	17	17	0
Contig420962885	18	2.936e-01	-9.399e-01	1.794e-01	1.601e-07	6.423e-01	2.858e-01	1.765e+01	3.221e+01	1.195e+01	2.365e+00	6.657e+00	1.214e+00	0.00363162959362645	1.601e-07	TRUE	Contig42096	2885	2885	+	10	10	0	7	7	0	2	1	1	7	6	1	10	9	1	6	4	2	12	12	0	6	6	0	4	4	0	5	5	0	2	2	0	9	9	0	13	13	0	16	16	0	6	6	0	12	10	2	9	9	0	4	4	0
Contig425538308	18	2.875e-01	7.562e-01	1.884e-01	6.004e-05	6.172e-01	3.157e-01	1.837e+01	2.047e+01	-7.648e+00	3.245e+00	-1.914e+00	7.544e-01	0.0851198628987087	6.004e-05	TRUE	Contig42553	8308	8308	+	8	8	0	13	13	0	9	9	0	14	14	0	6	6	0	8	7	1	15	14	1	13	12	1	16	14	2	11	11	0	4	4	0	15	7	8	16	16	0	18	18	0	7	7	0	12	12	0	13	13	0	17	7	10
Contig427007260	18	2.781e-01	6.746e-01	1.704e-01	7.514e-05	6.736e-01	2.536e-01	1.411e+01	1.921e+01	-7.598e+00	3.321e+00	-3.846e-01	8.362e-01	0.092715206404854	7.514e-05	TRUE	Contig42700	7260	7260	+	2	2	0	6	6	0	10	10	0	8	8	0	6	6	0	6	6	0	8	8	0	5	5	0	11	11	0	6	6	0	3	3	0	8	7	1	10	10	0	15	15	0	8	8	0	10	10	0	6	6	0	11	11	0
Contig4278824541	18	2.099e-01	-7.527e-01	1.789e-01	2.574e-05	7.094e-01	2.277e-01	4.097e+01	3.357e+01	1.238e+01	4.131e+00	5.000e+00	1.182e+00	0.0548525023671936	2.574e-05	TRUE	Contig42788	24541	24541	+	6	6	0	5	5	0	10	8	2	5	5	0	5	5	0	2	2	0	6	6	0	10	10	0	11	11	0	19	18	1	8	8	0	5	5	0	19	18	1	17	16	1	11	11	0	7	6	1	11	11	0	12	12	0
Contig4378518881	18	2.865e-01	8.677e-01	2.107e-01	3.82e-05	5.217e-01	2.460e-01	1.533e+01	2.022e+01	-6.189e+00	3.330e+00	-2.444e+00	7.726e-01	0.0623959547657563	3.82e-05	TRUE	Contig43785	18881	18881	+	7	7	0	8	8	0	10	10	0	5	5	0	4	4	0	3	3	0	12	12	0	6	5	1	9	9	0	5	5	0	7	7	0	12	12	0	10	10	0	13	13	0	8	8	0	11	11	0	4	4	0	12	11	1
Contig4400229177	18	2.153e-01	-4.328e-01	9.507e-02	5.312e-06	8.537e-01	1.545e-01	1.686e+01	1.988e+01	7.781e+00	1.792e+00	2.722e+00	5.598e-01	0.0245452356646056	5.312e-06	TRUE	Contig44002	29177	29177	+	13	13	0	10	9	1	11	10	1	17	16	1	10	10	0	12	12	0	16	16	0	9	9	0	18	16	2	32	31	1	20	19	1	8	8	0	21	18	3	21	19	2	29	27	2	30	22	8	20	20	0	21	21	0
Contig44051605	18	3.295e-01	-3.130e-01	7.633e-02	4.105e-05	6.639e-01	2.489e-01	3.582e+00	6.816e+00	5.561e+00	1.399e+00	2.148e+00	4.394e-01	0.066082180210031	4.105e-05	TRUE	Contig44051	605	605	+	12	12	0	17	17	0	16	14	2	24	22	2	18	15	3	13	11	2	18	18	0	15	14	1	18	15	3	26	25	1	23	22	1	24	24	0	24	23	1	20	20	0	33	31	2	29	26	3	39	37	2	17	17	0
Contig442618193	18	3.685e-01	-8.065e-01	1.885e-01	1.875e-05	6.963e-01	2.516e-01	8.382e+00	1.336e+01	1.094e+01	2.860e+00	5.384e+00	1.132e+00	0.0479550957552244	1.875e-05	TRUE	Contig44261	8193	8193	+	3	3	0	3	3	0	4	3	1	4	4	0	3	2	1	5	4	1	5	5	0	2	2	0	5	5	0	2	2	0	2	2	0	4	4	0	2	2	0	4	4	0	2	2	0	4	3	1	3	3	0	2	2	0
Contig4463314246	18	1.708e-01	2.102e-01	5.346e-02	8.452e-05	9.419e-01	6.182e-02	2.707e+01	2.421e+01	6.729e-02	1.153e+00	-1.901e-01	2.072e-01	0.0986176001829526	8.452e-05	TRUE	Contig44633	14246	14246	+	35	34	1	32	31	1	25	24	1	29	29	0	23	23	0	17	17	0	30	29	1	35	32	3	45	45	0	45	42	3	45	44	1	37	23	14	53	49	4	62	61	1	53	53	0	52	50	2	39	37	2	45	41	4
Contig448354233	18	2.086e-01	4.889e-01	9.372e-02	1.818e-07	8.754e-01	1.695e-01	3.316e+01	3.282e+01	-4.176e+00	2.036e+00	-1.002e+00	3.972e-01	0.00378020656950561	1.818e-07	TRUE	Contig44835	4233	4233	+	18	17	1	12	12	0	16	16	0	9	9	0	10	9	1	6	6	0	13	12	1	11	11	0	13	12	1	7	6	1	6	6	0	13	9	4	29	28	1	32	31	1	26	26	0	29	29	0	2	2	0	16	13	3
Contig45596842	18	1.598e-01	5.788e-01	1.313e-01	1.041e-05	9.380e-01	5.158e-02	8.151e+01	3.296e+01	4.015e+00	3.233e+00	-4.317e+00	5.918e-01	0.0371069782070282	1.041e-05	TRUE	Contig4559	6842	6842	+	11	10	1	9	8	1	7	7	0	8	8	0	8	8	0	5	5	0	9	5	4	8	8	0	11	11	0	7	7	0	7	6	1	6	6	0	14	14	0	11	11	0	11	11	0	12	12	0	7	7	0	9	8	1
Contig457886410	18	3.409e-01	-3.242e-01	7.714e-02	2.638e-05	6.552e-01	2.727e-01	6.052e+00	1.169e+01	5.189e+00	1.509e+00	2.273e+00	4.622e-01	0.0548525023671936	2.638e-05	TRUE	Contig45788	6410	6410	+	14	14	0	7	7	0	8	8	0	9	8	1	4	3	1	10	9	1	22	21	1	16	16	0	16	14	2	22	19	3	39	39	0	11	10	1	24	24	0	26	23	3	44	37	7	35	28	7	24	23	1	15	15	0
Contig4583789	18	1.969e-01	3.926e-01	9.204e-02	1.993e-05	7.641e-01	1.382e-01	2.337e+01	1.928e+01	-3.664e+00	2.026e+00	-9.523e-01	3.962e-01	0.0479550957552244	1.993e-05	TRUE	Contig4583	789	789	+	17	8	9	21	21	0	16	16	0	21	21	0	17	17	0	17	14	3	22	21	1	17	10	7	28	26	2	27	26	1	22	22	0	22	21	1	34	33	1	27	27	0	31	31	0	25	25	0	27	19	8	19	18	1
Contig46344670	18	2.606e-01	-4.872e-01	1.159e-01	2.617e-05	7.147e-01	2.353e-01	1.048e+01	1.637e+01	1.002e+01	2.025e+00	3.096e+00	7.797e-01	0.0548525023671936	2.617e-05	TRUE	Contig46344	670	670	+	27	27	0	21	21	0	21	21	0	21	21	0	26	25	1	17	17	0	29	29	0	30	30	0	33	33	0	31	31	0	9	9	0	12	12	0	25	25	0	21	20	1	27	27	0	22	22	0	30	29	1	19	19	0
Contig464233695	18	3.855e-01	-3.725e-01	9.431e-02	7.83e-05	5.944e-01	2.845e-01	2.525e+00	5.403e+00	6.647e+00	1.605e+00	2.482e+00	5.506e-01	0.0943831171034548	7.83e-05	TRUE	Contig46423	3695	3695	+	15	14	1	9	9	0	14	12	2	13	12	1	12	10	2	9	9	0	17	17	0	11	11	0	20	19	1	14	14	0	15	15	0	12	12	0	21	21	0	28	25	3	26	25	1	24	22	2	17	16	1	18	18	0
Contig4671113985	18	3.704e-01	-4.261e-01	1.078e-01	7.672e-05	6.858e-01	2.651e-01	6.536e+00	1.351e+01	8.045e+00	2.226e+00	2.297e+00	6.533e-01	0.0933808091483444	7.672e-05	TRUE	Contig46711	13985	13985	+	8	8	0	11	11	0	9	8	1	12	10	2	8	7	1	6	5	1	7	7	0	8	7	1	13	13	0	4	4	0	2	2	0	12	12	0	12	11	1	13	12	1	4	3	1	2	2	0	4	4	0	10	10	0
Contig469348302	18	3.656e-01	4.350e-01	1.001e-01	1.387e-05	7.377e-01	2.423e-01	6.108e+00	1.284e+01	-4.509e+00	1.804e+00	-5.224e-01	4.557e-01	0.0416966600016246	1.387e-05	TRUE	Contig46934	8302	8302	+	14	11	3	16	14	2	14	13	1	16	16	0	11	11	0	5	5	0	20	19	1	18	17	1	18	17	1	8	8	0	13	13	0	18	15	3	16	16	0	17	17	0	11	11	0	9	9	0	10	10	0	14	14	0
Contig48017125	18	2.566e-01	-5.315e-01	1.309e-01	4.918e-05	7.744e-01	2.436e-01	1.894e+01	2.576e+01	1.090e+01	2.359e+00	2.322e+00	7.530e-01	0.0748251465379884	4.918e-05	TRUE	Contig480	17125	17125	+	6	6	0	9	9	0	13	13	0	8	8	0	5	5	0	3	3	0	15	14	1	6	6	0	16	15	1	15	15	0	21	21	0	3	3	0	13	13	0	18	16	2	13	5	8	11	9	2	6	6	0	2	2	0
Contig483655030	18	3.525e-01	-5.041e-01	1.140e-01	9.755e-06	5.988e-01	2.901e-01	3.916e+00	5.867e+00	8.471e+00	2.030e+00	3.344e+00	6.454e-01	0.0363291612093269	9.755e-06	TRUE	Contig48365	5030	5030	+	5	5	0	18	16	2	13	12	1	7	7	0	12	10	2	6	6	0	12	12	0	12	12	0	14	14	0	5	5	0	10	10	0	9	9	0	18	18	0	18	17	1	21	20	1	17	15	2	9	9	0	12	12	0
Contig4956118695	18	2.603e-01	-5.298e-01	1.288e-01	3.924e-05	6.440e-01	2.416e-01	1.574e+01	2.080e+01	1.291e+01	3.428e+00	2.402e+00	1.198e+00	0.063578631772063	3.924e-05	TRUE	Contig49561	18695	18695	+	11	11	0	7	7	0	10	10	0	12	12	0	9	9	0	7	7	0	18	18	0	11	11	0	10	10	0	6	6	0	8	8	0	8	8	0	10	10	0	24	22	2	10	9	1	8	8	0	13	13	0	12	12	0
Contig498804330	18	2.358e-01	-5.883e-01	1.479e-01	6.969e-05	7.696e-01	2.377e-01	2.569e+01	2.603e+01	1.134e+01	2.679e+00	3.593e+00	9.347e-01	0.0916652487585519	6.969e-05	TRUE	Contig49880	4330	4330	+	4	4	0	7	7	0	12	12	0	9	9	0	8	8	0	9	9	0	13	13	0	6	6	0	15	15	0	5	5	0	8	8	0	9	9	0	18	17	1	13	12	1	19	18	1	9	9	0	10	10	0	7	7	0
Contig50029475	18	2.290e-01	7.090e-01	1.540e-01	4.119e-06	7.627e-01	2.075e-01	2.716e+01	2.856e+01	-8.038e+00	2.914e+00	-2.440e+00	6.023e-01	0.0218673841159941	4.119e-06	TRUE	Contig50029	475	475	+	5	4	1	4	4	0	6	6	0	4	4	0	2	2	0	3	3	0	6	5	1	2	2	0	8	5	3	5	2	3	8	8	0	3	1	2	4	4	0	4	3	1	7	7	0	10	10	0	6	5	1	4	0	4
Contig501987100	18	2.592e-01	1.288e+00	3.108e-01	3.437e-05	6.821e-01	2.605e-01	2.406e+01	2.846e+01	-1.405e+01	4.566e+00	-2.516e+00	1.025e+00	0.0600737504683924	3.437e-05	TRUE	Contig50198	7100	7100	+	9	8	1	11	11	0	11	11	0	12	12	0	11	11	0	3	3	0	20	20	0	5	5	0	18	17	1	3	3	0	2	2	0	15	11	4	2	2	0	5	5	0	2	2	0	2	2	0	2	2	0	8	7	1
Contig5063712849	18	2.600e-01	4.999e-01	8.906e-02	1.991e-08	8.245e-01	1.914e-01	1.589e+01	2.142e+01	-4.720e+00	1.736e+00	-9.079e-01	4.761e-01	0.000822341966605323	1.991e-08	TRUE	Contig50637	12849	12849	+	12	11	1	11	11	0	17	17	0	5	5	0	5	5	0	8	7	1	14	14	0	10	9	1	13	12	1	5	4	1	3	3	0	10	9	1	10	9	1	14	14	0	14	14	0	11	11	0	10	10	0	14	13	1
Contig513232374	18	2.879e-01	6.550e-01	1.415e-01	3.693e-06	7.682e-01	2.388e-01	8.692e+00	1.262e+01	-5.875e+00	2.558e+00	-1.960e+00	5.752e-01	0.0204771585789281	3.693e-06	TRUE	Contig51323	2374	2374	+	13	9	4	13	12	1	10	10	0	11	11	0	13	13	0	8	8	0	14	13	1	8	8	0	11	10	1	3	3	0	18	18	0	10	10	0	13	13	0	20	20	0	20	20	0	34	34	0	12	12	0	9	8	1
Contig517102521	18	2.413e-01	7.181e-01	1.469e-01	1.017e-06	7.060e-01	2.105e-01	2.512e+01	2.974e+01	-5.541e+00	3.294e+00	-2.538e+00	6.280e-01	0.0110330609303694	1.017e-06	TRUE	Contig51710	2521	2521	+	12	8	4	15	14	1	8	8	0	9	9	0	11	11	0	10	10	0	13	12	1	12	11	1	22	19	3	6	6	0	2	2	0	15	15	0	11	11	0	11	11	0	5	5	0	5	5	0	6	6	0	13	11	2
Contig5251514941	18	3.244e-01	4.566e-01	1.156e-01	7.828e-05	6.813e-01	2.662e-01	6.994e+00	1.178e+01	-2.593e+00	2.221e+00	-1.304e+00	4.173e-01	0.0943831171034548	7.828e-05	TRUE	Contig52515	14941	14941	+	14	13	1	16	16	0	8	8	0	17	17	0	12	12	0	7	7	0	11	11	0	15	14	1	16	15	1	2	2	0	21	21	0	18	17	1	7	7	0	4	4	0	4	4	0	6	6	0	4	4	0	19	18	1
Contig53064794	18	2.965e-01	2.580e-01	6.518e-02	7.543e-05	7.542e-01	1.991e-01	4.317e+00	6.822e+00	-2.216e+00	1.292e+00	-7.311e-01	2.645e-01	0.092715206404854	7.543e-05	TRUE	Contig53064	794	794	+	15	11	4	12	11	1	16	14	2	15	15	0	13	12	1	9	9	0	15	11	4	16	13	3	18	10	8	13	12	1	24	23	1	16	14	2	25	24	1	35	34	1	31	31	0	31	29	2	14	12	2	16	13	3
Contig530929084	18	2.208e-01	4.867e-01	1.168e-01	3.09e-05	8.181e-01	2.105e-01	3.155e+01	3.367e+01	-3.225e+00	2.060e+00	-1.460e+00	5.195e-01	0.0584586400187572	3.09e-05	TRUE	Contig53092	9084	9084	+	9	8	1	6	6	0	9	9	0	10	10	0	7	7	0	6	6	0	5	5	0	8	5	3	13	13	0	13	12	1	7	7	0	10	10	0	19	19	0	21	21	0	20	20	0	22	22	0	16	16	0	15	13	2
Contig532764081	18	2.424e-01	7.292e-01	1.201e-01	1.254e-09	6.322e-01	2.692e-01	1.842e+01	2.626e+01	-9.293e+00	2.114e+00	-1.851e+00	4.688e-01	0.000104298768716392	1.254e-09	TRUE	Contig53276	4081	4081	+	13	1	12	19	18	1	21	19	2	34	33	1	13	13	0	6	6	0	25	24	1	24	14	10	33	19	14	35	30	5	16	16	0	17	15	2	32	31	1	28	28	0	40	40	0	26	26	0	33	30	3	32	26	6
Contig540632503	18	2.363e-01	4.632e-01	1.058e-01	1.187e-05	8.416e-01	1.589e-01	1.530e+01	1.887e+01	-3.177e+00	1.649e+00	-1.179e+00	4.134e-01	0.0400241298546353	1.187e-05	TRUE	Contig54063	2503	2503	+	20	19	1	6	6	0	10	10	0	19	19	0	14	14	0	6	6	0	14	14	0	14	13	1	22	21	1	19	17	2	29	29	0	15	13	2	18	18	0	35	35	0	28	28	0	35	34	1	19	19	0	13	11	2
Contig5519121608	18	3.072e-01	3.658e-01	9.005e-02	4.861e-05	5.493e-01	2.704e-01	4.490e+00	6.558e+00	-2.973e+00	1.601e+00	-1.257e+00	3.655e-01	0.0744116468621222	4.861e-05	TRUE	Contig55191	21608	21608	+	11	10	1	7	5	2	8	7	1	8	8	0	6	6	0	8	6	2	14	8	6	14	13	1	12	11	1	22	18	4	17	17	0	10	6	4	22	17	5	24	24	0	21	21	0	22	21	1	22	20	2	22	6	16
Contig555854557	18	3.069e-01	-6.321e-01	1.361e-01	3.416e-06	6.088e-01	2.816e-01	1.270e+01	1.918e+01	9.751e+00	2.884e+00	4.102e+00	6.656e-01	0.0197233100041112	3.416e-06	TRUE	Contig55585	4557	4557	+	8	8	0	5	5	0	10	10	0	8	7	1	3	2	1	6	6	0	10	10	0	11	11	0	11	11	0	12	12	0	3	3	0	9	8	1	10	10	0	15	15	0	14	12	2	14	13	1	6	5	1	10	10	0
Contig5584110469	18	2.354e-01	-5.501e-01	1.401e-01	8.584e-05	7.578e-01	2.256e-01	2.648e+01	2.882e+01	1.187e+01	2.866e+00	3.043e+00	8.161e-01	0.0987035731551951	8.584e-05	TRUE	Contig55841	10469	10469	+	10	10	0	9	9	0	11	11	0	10	10	0	14	14	0	5	5	0	17	17	0	13	13	0	14	14	0	10	10	0	7	7	0	13	13	0	15	14	1	13	13	0	16	15	1	10	9	1	4	4	0	17	17	0
Contig559367221	18	3.351e-01	-4.777e-01	1.167e-01	4.244e-05	5.625e-01	2.819e-01	3.524e+00	6.849e+00	9.423e+00	1.632e+00	2.385e+00	8.012e-01	0.067449482588055	4.244e-05	TRUE	Contig55936	7221	7221	+	18	18	0	11	11	0	17	16	1	9	7	2	13	9	4	7	7	0	14	14	0	22	21	1	8	8	0	44	44	0	4	4	0	20	19	1	26	24	2	24	23	1	23	15	8	38	36	2	25	25	0	19	19	0
Contig572013558	18	2.326e-01	7.020e-01	1.746e-01	5.81e-05	7.696e-01	2.378e-01	3.107e+01	2.958e+01	-6.667e+00	3.294e+00	-1.327e+00	6.266e-01	0.0829114613924569	5.81e-05	TRUE	Contig57201	3558	3558	+	5	5	0	7	6	1	7	7	0	5	5	0	4	4	0	2	2	0	8	7	1	4	4	0	8	8	0	2	2	0	3	3	0	9	6	3	6	6	0	14	14	0	5	5	0	5	5	0	5	5	0	10	9	1
Contig586971956	18	1.431e-01	-4.218e-01	9.342e-02	6.345e-06	9.513e-01	6.567e-02	9.074e+01	3.495e+01	1.183e+01	2.484e+00	2.518e+00	5.162e-01	0.0272778792563755	6.345e-06	TRUE	Contig58697	1956	1956	+	12	12	0	10	9	1	8	3	5	10	9	1	4	2	2	11	9	2	2	1	1	9	8	1	12	12	0	11	10	1	6	6	0	17	17	0	8	3	5	8	8	0	9	9	0	7	6	1	5	5	0	11	11	0
Contig598941441	18	2.989e-01	-4.029e-01	8.494e-02	2.102e-06	7.517e-01	2.153e-01	5.133e+00	9.358e+00	6.340e+00	1.430e+00	2.968e+00	6.285e-01	0.0149853733316375	2.102e-06	TRUE	Contig59894	1441	1441	+	8	8	0	17	17	0	14	13	1	12	12	0	15	13	2	11	10	1	19	19	0	11	10	1	18	16	2	24	23	1	8	8	0	20	19	1	23	22	1	20	18	2	28	26	2	16	14	2	21	21	0	20	20	0
Contig609495472	18	2.843e-01	7.237e-01	1.150e-01	3.067e-10	7.970e-01	2.095e-01	1.118e+01	1.863e+01	-8.490e+00	2.350e+00	-1.452e+00	8.226e-01	7.65273501562621e-05	3.067e-10	TRUE	Contig60949	5472	5472	+	14	8	6	10	10	0	7	7	0	8	8	0	8	8	0	7	7	0	10	10	0	8	6	2	13	12	1	10	9	1	9	9	0	8	8	0	6	6	0	11	11	0	6	6	0	9	9	0	9	9	0	7	7	0
Contig6108137475	18	2.250e-01	-6.483e-01	1.624e-01	6.558e-05	8.079e-01	2.327e-01	3.916e+01	3.506e+01	9.211e+00	3.028e+00	5.290e+00	1.048e+00	0.0881766485019354	6.558e-05	TRUE	Contig61081	37475	37475	+	6	6	0	6	6	0	5	4	1	4	3	1	6	5	1	2	2	0	7	7	0	3	3	0	10	10	0	4	4	0	4	4	0	7	7	0	11	10	1	11	11	0	9	9	0	11	10	1	9	9	0	7	7	0
Contig620581011	18	1.709e-01	-5.181e-01	1.144e-01	5.873e-06	8.137e-01	7.557e-02	7.920e+01	3.686e+01	1.618e+01	3.091e+00	1.247e+00	6.831e-01	0.0261682616486403	5.873e-06	TRUE	Contig62058	1011	1011	+	17	17	0	14	14	0	16	15	1	23	23	0	13	13	0	12	12	0	19	19	0	17	15	2	22	22	0	32	32	0	48	46	2	16	16	0	31	30	1	36	32	4	33	31	2	34	33	1	24	24	0	16	16	0
Contig6234868	18	2.571e-01	6.271e-01	1.475e-01	2.12e-05	7.659e-01	2.053e-01	1.540e+01	1.940e+01	-7.067e+00	2.553e+00	-1.345e+00	4.665e-01	0.0489795741801241	2.12e-05	TRUE	Contig6234	868	868	+	15	11	4	16	15	1	9	9	0	10	9	1	10	10	0	9	9	0	9	9	0	10	10	0	19	18	1	10	8	2	2	2	0	23	15	8	17	16	1	16	16	0	6	6	0	8	8	0	6	5	1	10	8	2
Contig6307294169	18	2.590e-01	-4.266e-01	9.495e-02	7.048e-06	7.957e-01	2.064e-01	1.388e+01	2.209e+01	9.675e+00	2.320e+00	2.157e+00	4.544e-01	0.0288337132591517	7.048e-06	TRUE	Contig630729	4169	4169	+	20	20	0	27	26	1	28	27	1	25	25	0	10	8	2	10	9	1	28	27	1	12	12	0	30	30	0	17	17	0	7	6	1	16	16	0	15	15	0	33	33	0	27	25	2	37	34	3	18	18	0	16	16	0
Contig639245321	18	1.805e-01	-3.723e-01	8.939e-02	3.116e-05	9.420e-01	6.365e-02	5.080e+01	3.164e+01	8.942e+00	2.287e+00	1.600e+00	4.505e-01	0.0584586400187572	3.116e-05	TRUE	Contig63924	5321	5321	+	10	10	0	13	11	2	10	3	7	8	8	0	7	3	4	11	11	0	4	2	2	16	15	1	17	17	0	13	13	0	14	14	0	6	6	0	10	8	2	26	24	2	16	10	6	22	20	2	12	11	1	7	7	0
Contig646713576	18	3.515e-01	6.015e-01	1.388e-01	1.459e-05	6.417e-01	2.624e-01	3.873e+00	5.963e+00	-7.959e+00	2.566e+00	-4.140e-01	7.037e-01	0.0428291313135988	1.459e-05	TRUE	Contig64671	3576	3576	+	10	7	3	10	10	0	9	9	0	18	17	1	11	11	0	7	7	0	16	15	1	11	11	0	8	7	1	16	16	0	8	8	0	12	8	4	18	18	0	16	16	0	14	14	0	13	13	0	15	15	0	14	14	0
Contig64894654	18	3.397e-01	3.791e-01	9.538e-02	7.068e-05	6.504e-01	2.562e-01	5.673e+00	1.266e+01	-3.780e+00	1.689e+00	-9.858e-01	3.137e-01	0.0918540292672774	7.068e-05	TRUE	Contig64894	654	654	+	19	12	7	7	7	0	8	8	0	12	12	0	10	9	1	9	8	1	10	9	1	16	15	1	18	12	6	9	8	1	9	9	0	7	5	2	7	6	1	24	24	0	14	14	0	27	26	1	9	8	1	12	8	4
Contig650198027	18	2.385e-01	-7.440e-01	1.802e-01	3.656e-05	7.158e-01	2.552e-01	3.451e+01	3.262e+01	8.337e+00	3.159e+00	5.393e+00	1.174e+00	0.0618839140725134	3.656e-05	TRUE	Contig65019	8027	8027	+	8	8	0	6	6	0	8	5	3	5	5	0	10	7	3	2	2	0	8	8	0	6	6	0	6	5	1	6	6	0	11	11	0	2	0	2	12	11	1	10	9	1	15	14	1	11	9	2	12	10	2	3	3	0
Contig66124714	18	1.882e-01	1.123e+00	2.761e-01	4.747e-05	7.602e-01	2.012e-01	7.932e+01	4.078e+01	-1.080e+01	4.240e+00	-8.310e+00	2.279e+00	0.0735692375845813	4.747e-05	TRUE	Contig6612	4714	4714	+	5	0	5	4	0	4	5	0	5	6	0	6	3	0	3	2	0	2	8	0	8	3	0	3	9	0	9	2	0	2	3	0	3	9	0	9	11	0	11	11	0	11	10	0	10	23	17	6	12	8	4	2	0	2
Contig6619317973	18	3.045e-01	-3.539e-01	7.416e-02	1.823e-06	7.728e-01	2.216e-01	4.909e+00	8.545e+00	5.687e+00	1.197e+00	2.109e+00	5.061e-01	0.0140335301390187	1.823e-06	TRUE	Contig66193	17973	17973	+	13	13	0	13	11	2	14	12	2	4	2	2	17	13	4	15	14	1	11	10	1	11	9	2	15	13	2	24	23	1	19	18	1	14	13	1	29	23	6	28	19	9	18	12	6	16	11	5	20	19	1	17	17	0
Contig663622417	18	2.623e-01	4.286e-01	9.858e-02	1.379e-05	7.483e-01	2.455e-01	1.104e+01	1.679e+01	-2.759e+00	1.792e+00	-1.172e+00	4.683e-01	0.0416966600016246	1.379e-05	TRUE	Contig66362	2417	2417	+	14	13	1	10	9	1	10	10	0	13	13	0	11	11	0	7	7	0	20	19	1	11	11	0	17	16	1	11	11	0	15	14	1	9	8	1	20	19	1	22	22	0	25	25	0	17	17	0	24	23	1	12	11	1
Contig6636712761	18	2.941e-01	-6.246e-01	1.355e-01	4.026e-06	5.780e-01	2.749e-01	7.304e+00	1.042e+01	1.059e+01	2.309e+00	3.621e+00	8.188e-01	0.0218383005435925	4.026e-06	TRUE	Contig66367	12761	12761	+	12	12	0	2	2	0	8	6	2	5	5	0	4	3	1	2	2	0	12	12	0	5	5	0	7	7	0	9	9	0	13	13	0	4	4	0	13	11	2	18	17	1	12	11	1	12	10	2	4	4	0	2	2	0
Contig664503778	18	3.112e-01	4.250e-01	1.016e-01	2.887e-05	6.688e-01	2.669e-01	4.970e+00	8.799e+00	-3.415e+00	1.579e+00	-6.839e-01	5.893e-01	0.0571714409668537	2.887e-05	TRUE	Contig66450	3778	3778	+	18	17	1	14	14	0	13	13	0	14	14	0	10	10	0	8	8	0	20	19	1	16	16	0	21	20	1	16	16	0	23	23	0	16	15	1	25	25	0	32	32	0	30	30	0	32	32	0	21	20	1	23	23	0
Contig670752377	18	1.634e-01	-8.577e-01	1.716e-01	5.762e-07	9.410e-01	7.040e-02	5.936e+01	3.262e+01	8.967e+00	2.786e+00	5.463e+00	1.317e+00	0.00718863044669681	5.762e-07	TRUE	Contig67075	2377	2377	+	3	3	0	10	1	9	10	0	10	8	1	7	5	0	5	6	5	1	10	4	6	7	7	0	10	5	5	11	11	0	4	4	0	8	8	0	15	15	0	20	20	0	21	5	16	8	7	1	11	10	1	8	8	0
Contig677954368	18	2.835e-01	5.195e-01	1.312e-01	7.539e-05	6.820e-01	2.285e-01	6.699e+00	1.023e+01	-6.797e+00	2.243e+00	-8.003e-01	4.492e-01	0.092715206404854	7.539e-05	TRUE	Contig67795	4368	4368	+	15	9	6	18	11	7	16	15	1	16	12	4	13	13	0	16	15	1	17	13	4	20	19	1	23	20	3	5	4	1	4	4	0	13	7	6	13	12	1	15	14	1	8	8	0	9	9	0	8	8	0	20	18	2
Contig685763883	18	1.930e-01	5.899e-01	1.425e-01	3.478e-05	8.704e-01	8.428e-02	5.500e+01	3.395e+01	-5.935e+00	2.827e+00	-1.540e+00	5.975e-01	0.0600737504683924	3.478e-05	TRUE	Contig68576	3883	3883	+	6	6	0	5	4	1	6	5	1	3	3	0	2	2	0	2	2	0	7	6	1	6	5	1	5	4	1	10	3	7	18	17	1	4	3	1	13	12	1	11	11	0	17	17	0	15	15	0	4	4	0	4	3	1
Contig686013834	18	3.195e-01	-3.019e-01	7.227e-02	2.942e-05	7.174e-01	2.486e-01	7.539e+00	1.486e+01	4.871e+00	1.225e+00	1.662e+00	4.583e-01	0.0578018644395183	2.942e-05	TRUE	Contig68601	3834	3834	+	5	4	1	10	8	2	8	8	0	15	11	4	10	6	4	8	5	3	7	7	0	8	8	0	14	11	3	11	9	2	9	9	0	13	13	0	17	13	4	19	10	9	12	7	5	15	11	4	10	8	2	10	10	0
Contig704293960	18	2.815e-01	-7.049e-01	1.618e-01	1.319e-05	6.670e-01	2.457e-01	1.364e+01	2.039e+01	1.059e+01	2.818e+00	4.294e+00	9.943e-01	0.0416601283801471	1.319e-05	TRUE	Contig70429	3960	3960	+	4	4	0	7	7	0	5	4	1	8	8	0	2	2	0	6	6	0	5	5	0	8	7	1	8	7	1	8	8	0	13	13	0	6	6	0	9	9	0	10	9	1	7	5	2	6	5	1	7	7	0	7	7	0
Contig7065910776	18	3.232e-01	5.272e-01	1.151e-01	4.608e-06	6.613e-01	2.699e-01	8.988e+00	1.823e+01	-4.520e+00	2.284e+00	-1.496e+00	3.674e-01	0.023090449897165	4.608e-06	TRUE	Contig70659	10776	10776	+	10	7	3	15	14	1	15	14	1	11	10	1	5	5	0	8	8	0	14	14	0	11	11	0	16	15	1	12	12	0	4	4	0	14	12	2	9	9	0	20	20	0	7	7	0	7	7	0	5	5	0	14	11	3
Contig717554876	18	3.075e-01	6.073e-01	1.517e-01	6.268e-05	8.051e-01	2.029e-01	7.913e+00	1.216e+01	-7.039e+00	2.432e+00	-1.393e+00	4.530e-01	0.086887916309722	6.268e-05	TRUE	Contig71755	4876	4876	+	4	3	1	12	11	1	5	5	0	5	5	0	9	9	0	15	15	0	8	7	1	8	8	0	7	6	1	13	10	3	2	2	0	10	6	4	7	6	1	5	5	0	4	4	0	9	9	0	11	10	1	12	9	3
Contig73202633	18	1.766e-01	4.137e-01	9.052e-02	4.865e-06	7.635e-01	7.427e-02	5.264e+01	3.102e+01	-4.807e+00	2.205e+00	-6.072e-01	3.285e-01	0.0232428916291789	4.865e-06	TRUE	Contig73202	633	633	+	18	9	9	15	14	1	18	18	0	16	15	1	12	7	5	11	10	1	18	5	13	15	8	7	19	8	11	18	17	1	20	20	0	11	11	0	25	23	2	24	21	3	24	24	0	24	22	2	23	23	0	23	21	2
Contig740892262	18	2.897e-01	5.995e-01	1.479e-01	5.069e-05	5.910e-01	2.845e-01	9.703e+00	1.359e+01	-2.751e-01	2.456e+00	-2.004e+00	7.755e-01	0.0757669908261218	5.069e-05	TRUE	Contig74089	2262	2262	+	10	10	0	11	11	0	7	7	0	6	6	0	2	2	0	16	16	0	12	12	0	24	24	0	17	17	0	11	11	0	2	2	0	22	22	0	6	6	0	26	26	0	15	15	0	10	10	0	4	4	0	14	14	0
Contig77251503	18	3.316e-01	4.119e-01	9.131e-02	6.45e-06	7.561e-01	2.501e-01	6.864e+00	1.372e+01	-4.003e+00	1.606e+00	-7.530e-01	3.937e-01	0.0272778792563755	6.45e-06	TRUE	Contig7725	1503	1503	+	12	11	1	8	7	1	8	8	0	14	14	0	8	8	0	10	9	1	17	16	1	9	8	1	12	11	1	4	4	0	11	11	0	16	11	5	24	24	0	32	31	1	18	18	0	29	28	1	17	17	0	18	16	2
Contig776263168	18	1.835e-01	1.038e+00	1.858e-01	2.307e-08	8.650e-01	1.531e-01	4.905e+01	3.287e+01	-1.292e+01	3.235e+00	-1.687e+00	7.121e-01	0.000822341966605323	2.307e-08	TRUE	Contig77626	3168	3168	+	18	18	0	17	17	0	7	7	0	4	4	0	17	17	0	16	16	0	17	16	1	16	16	0	16	13	3	3	3	0	6	6	0	19	16	3	11	11	0	9	9	0	2	2	0	4	4	0	6	6	0	17	17	0
Contig78915250	18	4.543e-01	2.564e-01	6.368e-02	5.672e-05	6.689e-01	2.807e-01	1.971e+00	6.493e+00	-1.696e+00	1.179e+00	-1.177e+00	2.703e-01	0.0818074807311693	5.672e-05	TRUE	Contig78915	250	250	+	10	6	4	13	8	5	16	13	3	12	11	1	6	6	0	7	7	0	11	9	2	11	9	2	13	11	2	13	9	4	4	2	2	8	3	5	14	14	0	21	19	2	17	16	1	13	11	2	20	16	4	12	4	8
Contig791408199	18	2.529e-01	7.664e-01	1.932e-01	7.252e-05	7.022e-01	2.345e-01	2.018e+01	2.449e+01	-7.947e+00	3.244e+00	-1.909e+00	7.555e-01	0.0923982598554312	7.252e-05	TRUE	Contig79140	8199	8199	+	4	3	1	3	2	1	2	2	0	5	5	0	3	3	0	4	4	0	7	6	1	5	5	0	8	7	1	8	8	0	9	9	0	3	3	0	9	9	0	13	13	0	11	11	0	15	15	0	10	9	1	11	10	1
Contig816445335	18	3.369e-01	2.884e-01	5.796e-02	6.475e-07	7.351e-01	2.399e-01	3.807e+00	7.548e+00	-3.069e+00	1.053e+00	-7.042e-01	2.175e-01	0.00734378563982863	6.475e-07	TRUE	Contig81644	5335	5335	+	11	8	3	15	13	2	14	11	3	15	13	2	14	13	1	11	10	1	22	14	8	13	13	0	19	14	5	4	2	2	2	2	0	26	16	10	27	25	2	30	29	1	22	22	0	23	21	2	15	13	2	24	16	8
Contig817005600	18	3.648e-01	-5.159e-01	1.164e-01	9.292e-06	6.042e-01	2.844e-01	4.079e+00	7.611e+00	8.021e+00	2.087e+00	3.589e+00	6.241e-01	0.0360151287485165	9.292e-06	TRUE	Contig81700	5600	5600	+	16	16	0	13	13	0	11	10	1	18	16	2	9	8	1	9	8	1	16	16	0	10	10	0	16	16	0	10	9	1	3	3	0	9	9	0	12	11	1	23	22	1	12	11	1	15	15	0	15	14	1	10	10	0
Contig82211332	18	1.964e-01	-6.897e-01	1.562e-01	1.002e-05	8.585e-01	8.229e-02	5.641e+01	3.539e+01	1.536e+01	3.348e+00	2.891e+00	5.978e-01	0.0367672974436481	1.002e-05	TRUE	Contig822	11332	11332	+	12	12	0	9	9	0	4	2	2	10	9	1	10	10	0	7	7	0	9	9	0	9	9	0	11	11	0	10	10	0	28	27	1	6	6	0	20	20	0	20	20	0	26	24	2	30	28	2	17	17	0	6	6	0
Contig8301714624	18	3.601e-01	-4.542e-01	1.139e-01	6.688e-05	6.514e-01	2.677e-01	3.774e+00	8.218e+00	6.378e+00	1.603e+00	3.168e+00	8.147e-01	0.089239588206539	6.688e-05	TRUE	Contig83017	14624	14624	+	12	12	0	10	10	0	10	9	1	12	8	4	6	5	1	11	10	1	8	8	0	8	8	0	11	10	1	7	6	1	5	5	0	11	10	1	17	16	1	10	10	0	10	8	2	11	8	3	8	8	0	12	12	0
Contig84514055	18	3.875e-01	-3.587e-01	7.604e-02	2.399e-06	5.877e-01	2.942e-01	2.869e+00	5.565e+00	4.415e+00	1.282e+00	2.455e+00	4.332e-01	0.0161782455806689	2.399e-06	TRUE	Contig8451	4055	4055	+	15	15	0	9	9	0	13	8	5	13	10	3	7	4	3	4	0	4	15	10	5	13	10	3	14	11	3	11	10	1	29	29	0	7	5	2	22	18	4	17	13	4	24	13	11	25	15	10	19	17	2	15	15	0
Contig85842339	18	2.491e-01	-5.587e-01	1.387e-01	5.59e-05	6.971e-01	2.497e-01	2.591e+01	2.960e+01	9.200e+00	2.542e+00	2.806e+00	9.195e-01	0.0810935402699224	5.59e-05	TRUE	Contig8584	2339	2339	+	6	6	0	4	4	0	8	7	1	13	12	1	6	2	4	4	3	1	9	9	0	9	8	1	14	13	1	20	20	0	19	19	0	7	5	2	18	16	2	21	20	1	16	1	15	20	18	2	9	8	1	8	8	0
Contig858872262	18	1.307e-01	-8.208e-01	1.465e-01	2.12e-08	8.507e-01	5.862e-02	1.023e+02	2.977e+01	1.680e+01	3.610e+00	1.535e+00	6.698e-01	0.000822341966605323	2.12e-08	TRUE	Contig85887	2262	2262	+	19	19	0	14	14	0	23	23	0	22	22	0	15	15	0	19	17	2	23	23	0	14	14	0	19	11	8	27	21	6	25	0	25	6	0	6	22	0	22	23	0	23	19	0	19	21	0	21	20	12	8	10	0	10
Contig869911476	18	2.725e-01	-5.530e-01	1.294e-01	1.923e-05	7.944e-01	1.896e-01	1.864e+01	2.429e+01	9.282e+00	1.951e+00	3.366e+00	8.317e-01	0.0479550957552244	1.923e-05	TRUE	Contig86991	1476	1476	+	11	11	0	8	8	0	10	10	0	7	6	1	5	5	0	4	4	0	9	9	0	8	8	0	14	14	0	14	14	0	19	19	0	12	11	1	13	12	1	19	17	2	21	16	5	19	18	1	17	16	1	11	11	0
Contig875291163	18	2.849e-01	-4.749e-01	1.114e-01	2.015e-05	4.314e-01	1.931e-01	5.127e+00	4.272e+00	8.287e+00	1.964e+00	1.545e+00	4.946e-01	0.0479550957552244	2.015e-05	TRUE	Contig87529	1163	1163	+	22	20	2	23	13	10	27	15	12	27	24	3	18	7	11	15	2	13	28	27	1	10	5	5	22	21	1	39	36	3	38	25	13	19	18	1	40	26	14	37	11	26	33	0	33	40	26	14	31	25	6	19	18	1
Contig87926662	18	2.196e-01	-6.404e-01	1.447e-01	9.595e-06	5.824e-01	1.947e-01	1.923e+01	1.957e+01	1.125e+01	2.576e+00	2.606e+00	6.424e-01	0.0362747095053569	9.595e-06	TRUE	Contig87926	662	662	+	18	18	0	14	13	1	16	10	6	16	9	7	22	19	3	9	8	1	19	19	0	15	15	0	18	10	8	19	19	0	30	28	2	17	17	0	17	15	2	28	28	0	20	0	20	30	28	2	25	23	2	15	15	0
Contig883433128	18	2.763e-01	6.521e-01	1.632e-01	6.469e-05	6.130e-01	2.479e-01	1.981e+01	2.647e+01	-6.025e+00	2.711e+00	-2.071e+00	6.681e-01	0.0881766485019354	6.469e-05	TRUE	Contig88343	3128	3128	+	11	10	1	10	10	0	7	7	0	15	14	1	6	6	0	3	3	0	9	8	1	3	2	1	21	16	5	11	11	0	5	5	0	12	11	1	13	13	0	13	13	0	7	7	0	9	9	0	3	3	0	6	3	3
Contig89250874	18	2.253e-01	-4.693e-01	9.180e-02	3.178e-07	7.932e-01	2.141e-01	1.634e+01	2.184e+01	1.046e+01	2.301e+00	1.842e+00	4.476e-01	0.00528646709698078	3.178e-07	TRUE	Contig89250	874	874	+	10	10	0	10	8	2	12	10	2	9	8	1	9	7	2	4	4	0	10	9	1	6	6	0	9	9	0	21	21	0	27	26	1	4	4	0	12	12	0	17	14	3	23	11	12	22	21	1	18	18	0	13	13	0
Contig89735353	18	1.719e-01	-4.006e-01	8.387e-02	1.786e-06	9.350e-01	6.634e-02	6.489e+01	3.521e+01	6.047e+00	1.645e+00	2.321e+00	4.542e-01	0.0140335301390187	1.786e-06	TRUE	Contig89735	353	353	+	19	19	0	20	15	5	17	10	7	13	12	1	7	2	5	9	6	3	18	16	2	21	21	0	17	15	2	25	0	25	15	3	12	9	0	9	22	0	22	15	0	15	18	14	4	24	0	24	24	14	10	16	8	8
Contig920631185	18	1.643e-01	-4.951e-01	1.107e-01	7.76e-06	8.479e-01	7.638e-02	8.608e+01	3.765e+01	9.614e+00	2.809e+00	1.457e+00	3.653e-01	0.0312300681138758	7.76e-06	TRUE	Contig92063	1185	1185	+	7	7	0	9	4	5	7	5	2	2	0	2	2	2	0	4	3	1	12	12	0	7	7	0	11	0	11	13	12	1	12	4	8	13	13	0	22	11	11	21	8	13	22	12	10	23	7	16	4	4	0	19	18	1
Contig921033169	18	2.558e-01	5.977e-01	1.517e-01	8.154e-05	6.576e-01	2.313e-01	1.640e+01	2.013e+01	-5.402e+00	2.902e+00	-1.239e+00	5.162e-01	0.0964253339206631	8.154e-05	TRUE	Contig92103	3169	3169	+	11	10	1	9	8	1	12	12	0	12	12	0	7	7	0	7	7	0	12	10	2	19	18	1	10	10	0	8	8	0	5	5	0	15	14	1	14	14	0	13	12	1	15	15	0	14	14	0	10	10	0	20	19	1
Contig966416587	18	2.555e-01	-4.143e-01	9.351e-02	9.382e-06	7.565e-01	2.056e-01	1.266e+01	1.853e+01	9.253e+00	1.771e+00	2.080e+00	5.470e-01	0.0360151287485165	9.382e-06	TRUE	Contig96641	6587	6587	+	11	11	0	18	18	0	18	17	1	22	21	1	12	12	0	11	9	2	22	22	0	17	17	0	17	17	0	22	22	0	33	33	0	10	10	0	32	31	1	32	32	0	32	26	6	43	40	3	21	20	1	21	21	0
Contig98447172	18	2.570e-01	5.513e-01	1.188e-01	3.478e-06	7.981e-01	1.896e-01	6.283e+00	1.052e+01	-4.699e+00	1.828e+00	-1.585e+00	3.720e-01	0.0197233100041112	3.478e-06	TRUE	Contig98447	172	172	+	14	10	4	16	16	0	18	18	0	21	20	1	14	14	0	17	16	1	19	18	1	21	20	1	29	28	1	29	28	1	18	18	0	16	13	3	30	28	2	38	38	0	45	45	0	32	31	1	23	23	0	17	10	7
