id	contig	locus	n	acpt_rate	beta	se_beta	pvalue	h	se_h	sigma2	se_sigma2	alpha0	se_alpha0	alpha1	se_alpha1	qvalues	pvalues	significant	coverage1	coverage2	coverage3	coverage4	coverage5	coverage6	coverage7	coverage8	coverage9	coverage10	coverage11	coverage12	coverage13	coverage14	coverage15	coverage16	coverage17	coverage18
Contig100630_5150	Contig100630	5150	18	2.371e-01	-7.572e-01	1.498e-01	4.327e-07	8.604e-01	1.745e-01	2.836e+01	2.921e+01	1.330e+01	2.902e+00	4.258e+00	1.023e+00	0.00515626449344377	4.327e-07	TRUE	9	13	11	11	7	12	10	7	8	2	8	9	11	12	8	13	4	9
Contig104145_15392	Contig104145	15392	18	1.944e-01	-4.689e-01	1.025e-01	4.739e-06	8.512e-01	1.443e-01	2.515e+01	2.544e+01	1.030e+01	2.154e+00	2.204e+00	6.669e-01	0.0199776421733775	4.739e-06	TRUE	19	26	16	9	12	10	25	12	21	14	3	22	18	29	13	17	26	18
Contig108212_4694	Contig108212	4694	18	2.245e-01	6.933e-01	1.600e-01	1.469e-05	8.257e-01	2.041e-01	2.326e+01	2.498e+01	-7.180e+00	2.947e+00	-1.754e+00	4.081e-01	0.0420127711996426	1.469e-05	TRUE	9	5	8	7	3	7	12	3	20	14	12	4	15	18	17	19	14	11
Contig113675_119	Contig113675	119	18	2.518e-01	-6.191e-01	1.258e-01	8.638e-07	8.142e-01	2.289e-01	1.437e+01	1.805e+01	8.007e+00	1.782e+00	4.238e+00	8.584e-01	0.00926411634502671	8.638e-07	TRUE	9	6	10	10	3	6	8	13	11	10	13	4	14	21	12	17	6	4
Contig120547_984	Contig120547	984	18	3.472e-01	-2.246e-01	4.877e-02	4.144e-06	3.462e-01	1.909e-01	9.067e-01	9.698e-01	4.371e+00	8.790e-01	9.912e-02	2.201e-01	0.0199776421733775	4.144e-06	TRUE	58	51	25	42	46	43	46	51	34	66	32	43	61	44	52	57	45	47
Contig1245_9137	Contig1245	9137	18	2.433e-01	3.351e-01	8.194e-02	4.324e-05	7.642e-01	2.013e-01	1.227e+01	1.619e+01	-2.823e+00	1.626e+00	-5.995e-01	3.405e-01	0.07956547581926	4.324e-05	TRUE	15	11	11	15	6	9	13	17	15	13	3	10	20	5	17	18	14	14
Contig125314_6443	Contig125314	6443	18	1.866e-01	-3.194e-01	7.743e-02	3.707e-05	8.704e-01	7.614e-02	7.337e+01	3.665e+01	9.908e+00	2.574e+00	1.035e+00	2.766e-01	0.0707269945344804	3.707e-05	TRUE	10	10	6	13	8	6	9	11	11	21	13	9	12	17	23	12	14	9
Contig128973_13689	Contig128973	13689	18	1.704e-01	6.818e-01	1.482e-01	4.211e-06	8.902e-01	1.467e-01	5.367e+01	3.340e+01	-1.261e+01	2.566e+00	-1.400e+00	6.202e-01	0.0199776421733775	4.211e-06	TRUE	4	7	13	6	10	7	10	8	11	17	9	11	19	19	15	17	12	15
Contig128973_14453	Contig128973	14453	18	1.525e-01	5.928e-01	1.291e-01	4.43e-06	9.216e-01	5.303e-02	9.199e+01	3.066e+01	-1.434e+01	2.969e+00	-1.493e+00	6.207e-01	0.0199776421733775	4.43e-06	TRUE	5	5	9	9	6	8	9	5	15	13	5	11	10	14	6	7	6	10
Contig131269_7290	Contig131269	7290	18	2.613e-01	-4.758e-01	1.017e-01	2.883e-06	7.131e-01	2.742e-01	1.548e+01	2.204e+01	8.843e+00	2.336e+00	2.757e+00	6.280e-01	0.0185182228398697	2.883e-06	TRUE	9	6	12	17	5	13	10	11	19	12	9	5	6	16	17	21	6	5
Contig142419_2180	Contig142419	2180	18	2.766e-01	-3.486e-01	7.513e-02	3.496e-06	8.017e-01	2.274e-01	1.161e+01	1.788e+01	8.581e+00	1.474e+00	1.684e+00	4.540e-01	0.0192564492909186	3.496e-06	TRUE	15	17	20	20	14	11	19	19	19	22	22	13	25	22	32	32	23	21
Contig143_19511	Contig143	19511	18	1.365e-01	3.756e-01	7.210e-02	1.898e-07	9.807e-01	4.880e-02	6.818e+01	3.440e+01	-1.015e+01	1.670e+00	-1.424e+00	3.366e-01	0.00375534379419752	1.898e-07	TRUE	16	21	30	24	26	19	36	8	30	31	5	8	12	7	21	11	29	26
Contig1434_2337	Contig1434	2337	18	2.168e-01	-5.271e-01	1.122e-01	2.638e-06	7.607e-01	2.519e-01	2.115e+01	2.479e+01	1.166e+01	2.244e+00	2.579e+00	5.965e-01	0.0182529848741722	2.638e-06	TRUE	16	11	6	15	11	11	15	15	21	24	17	11	31	30	28	30	24	14
Contig1438_20471	Contig1438	20471	18	4.217e-01	3.346e-01	6.440e-02	2.048e-07	6.701e-01	2.556e-01	2.090e+00	6.771e+00	-3.365e+00	1.150e+00	-9.071e-01	2.345e-01	0.00375534379419752	2.048e-07	TRUE	17	18	9	18	14	16	19	16	15	14	14	17	20	24	23	30	19	16
Contig146547_1955	Contig146547	1955	18	2.175e-01	-5.909e-01	1.392e-01	2.189e-05	7.748e-01	1.948e-01	2.742e+01	2.495e+01	1.042e+01	2.748e+00	3.645e+00	8.714e-01	0.0572601795787854	2.189e-05	TRUE	12	11	12	10	7	8	12	10	19	3	2	11	17	17	11	4	15	22
Contig147_50174	Contig147	50174	18	3.097e-01	-5.210e-01	1.098e-01	2.093e-06	8.045e-01	2.098e-01	1.514e+01	2.146e+01	6.680e+00	1.834e+00	3.684e+00	6.749e-01	0.0166274733607239	2.093e-06	TRUE	17	5	7	6	9	13	7	10	12	8	3	12	13	8	8	5	9	9
Contig147281_3425	Contig147281	3425	18	2.763e-01	-4.408e-01	9.282e-02	2.04e-06	7.632e-01	2.226e-01	1.167e+01	1.649e+01	7.440e+00	1.819e+00	2.805e+00	6.547e-01	0.0166274733607239	2.04e-06	TRUE	11	7	13	7	9	6	11	8	16	20	16	11	20	22	22	16	11	10
Contig150294_935	Contig150294	935	18	2.826e-01	-7.078e-01	1.734e-01	4.484e-05	5.507e-01	2.753e-01	1.830e+01	2.377e+01	1.283e+01	3.417e+00	3.643e+00	1.096e+00	0.0808598822163352	4.484e-05	TRUE	5	11	13	10	2	4	15	10	11	7	14	9	20	27	25	23	11	6
Contig15885_3040	Contig15885	3040	18	3.000e-01	-6.351e-01	1.510e-01	2.612e-05	6.773e-01	2.558e-01	8.516e+00	1.457e+01	9.189e+00	2.363e+00	4.692e+00	9.749e-01	0.0610383255767738	2.612e-05	TRUE	12	7	14	3	10	7	16	15	12	24	9	3	8	24	32	27	7	5
Contig16476_5597	Contig16476	5597	18	3.157e-01	4.242e-01	8.690e-02	1.053e-06	7.290e-01	2.329e-01	7.371e+00	1.126e+01	-4.829e+00	1.907e+00	-7.771e-01	3.287e-01	0.010006741534588	1.053e-06	TRUE	6	8	10	6	10	6	10	4	7	9	4	5	14	22	18	12	13	16
Contig16668_1980	Contig16668	1980	18	1.887e-01	5.813e-01	1.320e-01	1.07e-05	8.793e-01	1.015e-01	3.688e+01	2.778e+01	-4.814e+00	2.797e+00	-1.211e+00	3.954e-01	0.0342554574517269	1.07e-05	TRUE	11	14	6	16	10	11	10	10	13	14	5	16	17	19	13	14	8	11
Contig171276_2996	Contig171276	2996	18	2.769e-01	1.282e+00	3.007e-01	2.022e-05	6.249e-01	2.630e-01	2.750e+01	2.441e+01	-1.700e+01	4.795e+00	-1.071e+00	1.361e+00	0.0542140635842904	2.022e-05	TRUE	2	8	3	2	9	8	8	7	16	6	2	7	9	5	7	5	5	5
Contig1730_12641	Contig1730	12641	18	2.805e-01	-6.688e-01	1.581e-01	2.343e-05	6.878e-01	2.391e-01	1.511e+01	2.076e+01	1.087e+01	2.854e+00	4.202e+00	7.904e-01	0.0591254091943876	2.343e-05	TRUE	11	7	9	8	7	2	9	13	8	6	6	5	16	22	20	22	10	11
Contig17413_5322	Contig17413	5322	18	2.618e-01	-3.902e-01	9.673e-02	5.487e-05	6.898e-01	2.533e-01	8.236e+00	1.493e+01	8.295e+00	1.932e+00	2.432e+00	4.321e-01	0.0912359600631814	5.487e-05	TRUE	19	17	25	23	14	19	20	21	27	50	53	26	43	51	54	42	40	39
Contig17651_1121	Contig17651	1121	18	1.942e-01	-9.745e-01	2.106e-01	3.71e-06	8.272e-01	8.046e-02	5.058e+01	3.168e+01	1.225e+01	3.562e+00	2.062e+00	6.279e-01	0.0194093436489076	3.71e-06	TRUE	26	15	8	16	15	11	18	15	17	18	6	15	15	20	21	19	14	10
Contig17870_560	Contig17870	560	18	3.301e-01	3.901e-01	8.977e-02	1.388e-05	6.695e-01	2.790e-01	6.967e+00	1.162e+01	-3.082e+00	1.649e+00	-1.649e+00	4.482e-01	0.0402326410858904	1.388e-05	TRUE	5	9	8	9	5	5	11	9	15	7	5	11	14	9	19	8	13	5
Contig182184_4756	Contig182184	4756	18	2.449e-01	-1.067e+00	2.062e-01	2.276e-07	7.180e-01	2.337e-01	4.343e+01	3.520e+01	1.731e+01	4.976e+00	6.037e+00	8.396e-01	0.00375534379419752	2.276e-07	TRUE	6	9	8	2	2	4	6	7	7	6	10	5	12	18	14	14	6	5
Contig18625_12636	Contig18625	12636	18	2.535e-01	-5.225e-01	1.153e-01	5.853e-06	7.695e-01	1.853e-01	1.250e+01	1.913e+01	1.241e+01	2.514e+00	2.071e+00	5.626e-01	0.0236383406520945	5.853e-06	TRUE	16	8	18	13	12	12	15	8	19	24	31	12	30	32	29	39	25	15
Contig19003_17975	Contig19003	17975	18	2.424e-01	4.378e-01	1.085e-01	5.442e-05	7.574e-01	1.959e-01	1.041e+01	1.303e+01	-3.143e+00	1.654e+00	-1.273e+00	5.091e-01	0.0911946507250582	5.442e-05	TRUE	20	19	27	25	17	14	22	25	26	38	38	20	33	38	43	43	31	26
Contig19512_11587	Contig19512	11587	18	1.727e-01	-3.992e-01	9.430e-02	2.306e-05	8.861e-01	2.408e-02	8.064e+01	3.168e+01	1.273e+01	2.398e+00	9.047e-01	2.638e-01	0.0588844758256199	2.306e-05	TRUE	18	15	13	23	14	11	19	14	22	37	29	16	21	24	35	36	19	16
Contig19593_33129	Contig19593	33129	18	2.773e-01	-6.853e-01	1.629e-01	2.596e-05	7.397e-01	2.249e-01	1.575e+01	2.171e+01	9.627e+00	2.585e+00	5.163e+00	1.088e+00	0.0610383255767738	2.596e-05	TRUE	6	7	7	5	6	4	9	6	8	11	3	4	12	14	9	13	4	5
Contig19627_6364	Contig19627	6364	18	3.767e-01	-6.134e-01	1.111e-01	3.352e-08	5.458e-01	2.867e-01	4.355e+00	8.168e+00	7.421e+00	1.920e+00	4.154e+00	6.247e-01	0.00102713319844308	3.352e-08	TRUE	5	5	8	9	7	7	6	5	6	9	3	6	8	10	4	8	4	9
Contig19783_13837	Contig19783	13837	18	2.430e-01	-6.438e-01	1.096e-01	4.307e-09	7.694e-01	2.278e-01	1.788e+01	2.197e+01	1.301e+01	2.121e+00	2.805e+00	6.079e-01	0.000230959418256715	4.307e-09	TRUE	6	8	22	16	12	3	17	12	17	16	34	2	16	15	23	26	28	6
Contig20569_15826	Contig20569	15826	18	1.954e-01	-5.121e-01	1.141e-01	7.232e-06	8.532e-01	1.619e-01	4.398e+01	3.532e+01	6.752e+00	2.289e+00	4.103e+00	8.569e-01	0.0258540130459339	7.232e-06	TRUE	11	8	12	12	10	10	17	11	18	23	8	17	18	24	17	28	25	10
Contig209185_490	Contig209185	490	18	2.606e-01	5.446e-01	1.167e-01	3.079e-06	7.290e-01	2.539e-01	1.483e+01	1.963e+01	-5.304e+00	2.343e+00	-1.083e+00	5.543e-01	0.0185182228398697	3.079e-06	TRUE	8	9	5	4	7	10	8	8	17	5	2	9	13	15	10	8	10	18
Contig209268_12150	Contig209268	12150	18	3.225e-01	-8.519e-01	1.448e-01	4.035e-09	7.121e-01	2.433e-01	7.201e+00	1.184e+01	9.947e+00	2.675e+00	6.175e+00	9.210e-01	0.000230959418256715	4.035e-09	TRUE	10	8	7	9	7	2	10	6	8	8	5	5	5	10	6	10	13	8
Contig209798_11409	Contig209798	11409	18	2.442e-01	-6.305e-01	1.376e-01	4.588e-06	8.302e-01	1.745e-01	2.646e+01	2.941e+01	1.451e+01	2.914e+00	2.920e+00	9.077e-01	0.0199776421733775	4.588e-06	TRUE	14	10	8	13	11	10	9	11	8	8	8	12	12	15	11	26	7	9
Contig21509_15623	Contig21509	15623	18	3.091e-01	9.367e-01	2.326e-01	5.638e-05	6.999e-01	2.659e-01	1.253e+01	2.022e+01	-8.056e+00	3.438e+00	-2.607e+00	7.224e-01	0.091616128791844	5.638e-05	TRUE	8	8	8	7	9	8	11	7	13	6	2	13	19	17	2	12	9	12
Contig217_19996	Contig217	19996	18	1.862e-01	4.641e-01	1.024e-01	5.824e-06	8.805e-01	1.775e-01	4.734e+01	3.338e+01	-6.457e+00	2.580e+00	-8.739e-01	3.791e-01	0.0236383406520945	5.824e-06	TRUE	15	12	15	7	18	5	14	7	14	7	31	7	18	29	21	26	20	14
Contig21816_52151	Contig21816	52151	18	1.935e-01	-6.926e-01	1.654e-01	2.829e-05	8.802e-01	1.415e-01	3.228e+01	3.316e+01	1.276e+01	2.328e+00	3.915e+00	1.216e+00	0.0619195324410898	2.829e-05	TRUE	15	9	9	9	5	4	8	7	5	3	4	8	20	26	25	23	7	9
Contig22638_5281	Contig22638	5281	18	1.821e-01	-5.818e-01	1.231e-01	2.288e-06	8.342e-01	6.631e-02	5.881e+01	3.287e+01	3.773e+00	2.399e+00	2.917e+00	5.226e-01	0.0167521992717431	2.288e-06	TRUE	17	13	8	8	7	4	12	17	13	17	34	10	19	32	23	26	18	9
Contig22841_17574	Contig22841	17574	18	4.143e-01	4.950e-01	9.925e-02	6.109e-07	6.901e-01	2.607e-01	3.443e+00	7.170e+00	-5.481e+00	1.432e+00	-1.287e+00	4.159e-01	0.00689663625251559	6.109e-07	TRUE	16	10	11	9	8	6	16	6	10	11	7	10	15	14	13	21	13	8
Contig23249_3681	Contig23249	3681	18	2.758e-01	5.758e-01	1.381e-01	3.053e-05	7.909e-01	2.040e-01	1.137e+01	1.557e+01	-6.257e+00	2.481e+00	-1.487e+00	4.678e-01	0.0632765529470452	3.053e-05	TRUE	3	9	7	9	6	8	7	5	13	11	4	11	10	18	14	9	6	6
Contig24387_8125	Contig24387	8125	18	2.819e-01	6.973e-01	1.346e-01	2.195e-07	5.721e-01	2.661e-01	1.776e+01	2.578e+01	-6.403e+00	3.117e+00	-1.853e+00	6.302e-01	0.00375534379419752	2.195e-07	TRUE	7	8	9	8	6	6	6	11	15	4	6	12	7	5	5	5	8	15
Contig24446_20715	Contig24446	20715	18	3.308e-01	-6.167e-01	1.544e-01	6.532e-05	6.986e-01	2.667e-01	7.659e+00	1.325e+01	8.608e+00	2.383e+00	4.167e+00	1.043e+00	0.0986685232394602	6.532e-05	TRUE	6	2	7	9	3	2	6	6	15	5	5	8	11	9	6	11	8	4
Contig24722_416	Contig24722	416	18	2.548e-01	4.847e-01	1.143e-01	2.242e-05	6.964e-01	2.603e-01	7.944e+00	1.044e+01	-5.984e+00	1.916e+00	-3.647e-01	6.740e-01	0.0579399761924751	2.242e-05	TRUE	15	8	16	15	7	10	18	13	16	33	19	10	25	14	24	30	20	8
Contig24745_37011	Contig24745	37011	18	3.143e-01	-4.708e-01	1.021e-01	3.981e-06	7.233e-01	2.629e-01	7.050e+00	1.210e+01	9.733e+00	1.679e+00	2.584e+00	7.167e-01	0.0199776421733775	3.981e-06	TRUE	16	11	18	16	11	10	17	9	18	17	18	12	22	29	26	18	15	15
Contig24877_5276	Contig24877	5276	18	4.087e-01	2.291e-01	5.261e-02	1.326e-05	7.400e-01	2.404e-01	2.615e+00	5.386e+00	-2.557e+00	9.858e-01	-6.853e-01	2.305e-01	0.0390207858433601	1.326e-05	TRUE	14	10	12	10	8	7	3	4	17	13	17	8	19	27	17	29	9	14
Contig25354_2537	Contig25354	2537	18	2.207e-01	6.708e-01	1.653e-01	4.96e-05	6.821e-01	2.411e-01	2.807e+01	2.717e+01	-8.374e+00	3.271e+00	-2.240e+00	5.850e-01	0.0857987158604002	4.96e-05	TRUE	10	11	7	14	9	5	11	12	11	7	10	7	14	19	7	6	7	11
Contig26164_918	Contig26164	918	18	1.910e-01	3.608e-01	8.864e-02	4.68e-05	8.797e-01	9.478e-02	4.445e+01	3.306e+01	-1.771e+00	2.217e+00	-1.447e+00	5.914e-01	0.0836537479638902	4.68e-05	TRUE	13	12	16	5	3	9	14	7	13	6	5	12	21	13	26	6	10	13
Contig26927_10644	Contig26927	10644	18	2.774e-01	6.290e-01	1.332e-01	2.341e-06	7.115e-01	2.220e-01	1.439e+01	1.983e+01	-6.266e+00	2.233e+00	-1.418e+00	6.022e-01	0.0167521992717431	2.341e-06	TRUE	8	7	7	6	7	6	4	12	11	7	3	8	10	10	13	7	5	12
Contig27602_16194	Contig27602	16194	18	3.160e-01	3.650e-01	7.925e-02	4.103e-06	6.515e-01	2.631e-01	5.282e+00	1.096e+01	-1.965e+00	1.613e+00	-1.116e+00	3.377e-01	0.0199776421733775	4.103e-06	TRUE	23	14	14	21	16	11	25	13	27	22	12	19	26	30	22	24	28	15
Contig27837_6577	Contig27837	6577	18	2.946e-01	4.199e-01	9.002e-02	3.094e-06	7.046e-01	2.571e-01	6.274e+00	1.101e+01	-2.753e+00	1.673e+00	-1.069e+00	4.110e-01	0.0185182228398697	3.094e-06	TRUE	19	18	18	23	13	9	25	18	26	39	21	27	36	39	31	40	27	23
Contig28269_1650	Contig28269	1650	18	2.187e-01	-5.042e-01	1.253e-01	5.702e-05	7.342e-01	2.130e-01	2.700e+01	2.817e+01	8.628e+00	2.238e+00	3.288e+00	7.634e-01	0.091959450721053	5.702e-05	TRUE	19	9	15	17	9	10	15	17	18	28	43	13	35	39	45	43	33	15
Contig28854_3614	Contig28854	3614	18	1.803e-01	-6.551e-01	1.481e-01	9.737e-06	9.058e-01	9.903e-02	4.043e+01	3.296e+01	1.188e+01	3.312e+00	3.884e+00	6.497e-01	0.0318365235063818	9.737e-06	TRUE	13	10	9	10	7	8	9	14	18	11	10	17	24	28	21	16	10	12
Contig2889_14453	Contig2889	14453	18	3.282e-01	4.798e-01	1.085e-01	9.796e-06	7.376e-01	2.408e-01	6.013e+00	1.101e+01	-4.780e+00	2.086e+00	-1.046e+00	4.349e-01	0.0318365235063818	9.796e-06	TRUE	16	11	10	18	7	12	13	9	14	15	20	9	16	25	23	23	18	15
Contig30290_10698	Contig30290	10698	18	1.823e-01	3.417e-01	8.217e-02	3.206e-05	8.370e-01	7.055e-02	5.610e+01	3.310e+01	-5.429e+00	2.099e+00	-7.678e-01	3.834e-01	0.0643291760814436	3.206e-05	TRUE	17	14	16	16	19	7	19	14	20	33	44	11	40	37	56	51	25	13
Contig30624_5175	Contig30624	5175	18	3.025e-01	7.035e-01	1.608e-01	1.219e-05	6.491e-01	2.698e-01	1.405e+01	2.171e+01	-6.034e+00	3.146e+00	-1.745e+00	8.328e-01	0.0373530837977957	1.219e-05	TRUE	7	7	3	10	9	8	8	14	16	16	11	14	14	19	11	10	8	18
Contig30968_29459	Contig30968	29459	18	2.845e-01	-3.891e-01	9.398e-02	3.474e-05	8.037e-01	2.032e-01	8.734e+00	1.369e+01	7.676e+00	1.839e+00	1.895e+00	4.878e-01	0.0683634722245482	3.474e-05	TRUE	5	8	14	14	12	6	13	14	15	17	14	15	18	24	24	19	17	14
Contig30968_29465	Contig30968	29465	18	3.246e-01	-4.719e-01	1.183e-01	6.689e-05	6.359e-01	2.723e-01	5.269e+00	9.232e+00	6.650e+00	1.571e+00	3.274e+00	8.017e-01	0.0989495879983133	6.689e-05	TRUE	5	7	9	10	5	5	14	13	14	16	11	14	19	22	23	19	15	17
Contig31552_28710	Contig31552	28710	18	2.482e-01	7.332e-01	1.582e-01	3.59e-06	6.998e-01	2.562e-01	1.736e+01	1.871e+01	-7.287e+00	2.816e+00	-2.041e+00	5.823e-01	0.0192564492909186	3.59e-06	TRUE	16	16	7	8	8	5	12	13	9	4	4	12	14	12	6	8	13	16
Contig32086_40998	Contig32086	40998	18	3.971e-01	2.796e-01	6.220e-02	6.95e-06	6.635e-01	2.521e-01	2.635e+00	4.721e+00	-3.574e+00	1.179e+00	-8.885e-01	3.294e-01	0.0256160064386602	6.95e-06	TRUE	7	9	7	12	10	2	10	10	5	8	2	11	16	14	20	15	8	7
Contig32107_9671	Contig32107	9671	18	2.540e-01	-6.047e-01	1.487e-01	4.801e-05	8.510e-01	1.700e-01	1.970e+01	2.608e+01	1.088e+01	2.475e+00	3.285e+00	8.555e-01	0.0846031599836569	4.801e-05	TRUE	7	9	11	9	5	3	7	3	7	10	15	4	14	13	12	16	9	5
Contig32494_8352	Contig32494	8352	18	2.258e-01	-4.824e-01	1.108e-01	1.328e-05	7.945e-01	2.419e-01	2.260e+01	2.630e+01	7.158e+00	1.930e+00	3.462e+00	8.269e-01	0.0390207858433601	1.328e-05	TRUE	11	17	18	15	12	9	20	14	20	26	19	19	22	23	27	34	28	17
Contig32500_24677	Contig32500	24677	18	2.757e-01	2.683e-01	6.396e-02	2.737e-05	8.590e-01	1.898e-01	7.328e+00	1.141e+01	-5.200e+00	1.318e+00	-1.070e+00	3.231e-01	0.0619195324410898	2.737e-05	TRUE	12	11	3	10	6	11	11	11	14	9	10	13	19	18	17	8	9	10
Contig32502_16341	Contig32502	16341	18	2.932e-01	5.859e-01	1.403e-01	2.976e-05	6.762e-01	2.782e-01	1.545e+01	2.084e+01	-3.657e+00	2.766e+00	-1.785e+00	5.172e-01	0.0625825927452331	2.976e-05	TRUE	17	15	9	11	10	10	15	16	12	10	2	24	10	13	10	11	9	22
Contig32770_4919	Contig32770	4919	18	1.841e-01	8.031e-01	1.997e-01	5.795e-05	9.046e-01	1.241e-01	6.236e+01	4.379e+01	-9.155e+00	3.611e+00	-2.038e+00	5.676e-01	0.0920747330390776	5.795e-05	TRUE	14	16	6	7	11	12	10	6	17	9	3	8	8	13	8	10	7	15
Contig33119_18454	Contig33119	18454	18	1.907e-01	-5.805e-01	1.028e-01	1.629e-08	8.160e-01	8.657e-02	3.834e+01	2.730e+01	9.012e+00	2.053e+00	1.700e+00	3.106e-01	0.00069883054068296	1.629e-08	TRUE	13	9	7	10	9	9	10	10	12	17	23	11	28	18	30	24	19	14
Contig3315_7200	Contig3315	7200	18	2.656e-01	-6.251e-01	1.551e-01	5.594e-05	8.026e-01	2.106e-01	1.832e+01	2.600e+01	1.062e+01	3.050e+00	3.734e+00	9.202e-01	0.0915950413211982	5.594e-05	TRUE	4	5	8	4	6	3	9	7	10	2	7	11	18	18	12	9	9	10
Contig33520_8164	Contig33520	8164	18	2.662e-01	-5.324e-01	1.037e-01	2.868e-07	6.886e-01	2.329e-01	9.293e+00	1.247e+01	5.920e+00	1.977e+00	4.152e+00	5.666e-01	0.00419877465741834	2.868e-07	TRUE	14	13	8	8	6	4	9	10	11	15	12	8	14	20	20	14	8	13
Contig33631_57684	Contig33631	57684	18	2.542e-01	5.470e-01	1.323e-01	3.545e-05	7.632e-01	1.985e-01	2.247e+01	2.435e+01	-5.615e+00	2.477e+00	-1.350e+00	4.831e-01	0.0691264653920724	3.545e-05	TRUE	10	7	6	5	2	5	5	7	8	7	3	9	11	4	11	5	3	10
Contig33641_11821	Contig33641	11821	18	3.057e-01	-8.132e-01	2.036e-01	6.479e-05	5.332e-01	2.738e-01	1.062e+01	1.606e+01	1.086e+01	3.261e+00	5.297e+00	1.136e+00	0.0985620354715484	6.479e-05	TRUE	6	6	3	10	7	6	6	8	10	2	2	15	8	9	7	6	3	7
Contig34014_2966	Contig34014	2966	18	1.605e-01	-4.073e-01	7.297e-02	2.383e-08	9.516e-01	5.371e-02	6.454e+01	3.477e+01	8.229e+00	1.780e+00	2.221e+00	3.316e-01	0.00085190974956389	2.383e-08	TRUE	9	13	12	17	10	15	12	15	9	20	30	9	15	9	24	11	28	15
Contig34083_24200	Contig34083	24200	18	2.187e-01	6.967e-01	1.664e-01	2.827e-05	7.642e-01	1.726e-01	3.058e+01	2.906e+01	-9.374e+00	3.728e+00	-5.365e-01	5.713e-01	0.0619195324410898	2.827e-05	TRUE	12	7	10	9	10	6	11	6	13	7	11	10	13	15	7	9	13	11
Contig34318_41240	Contig34318	41240	18	2.665e-01	6.830e-01	1.335e-01	3.132e-07	7.736e-01	2.197e-01	1.619e+01	2.414e+01	-6.151e+00	2.495e+00	-2.177e+00	4.493e-01	0.00419877465741834	3.132e-07	TRUE	9	5	6	10	2	7	10	9	8	11	16	5	10	14	22	19	11	9
Contig34544_15280	Contig34544	15280	18	2.826e-01	7.057e-01	1.393e-01	4.049e-07	7.129e-01	2.270e-01	1.424e+01	2.137e+01	-5.903e+00	2.816e+00	-1.908e+00	5.090e-01	0.00510880883115824	4.049e-07	TRUE	6	6	6	11	10	7	10	13	12	10	7	9	11	11	15	10	10	12
Contig36016_4381	Contig36016	4381	18	2.240e-01	3.806e-01	9.053e-02	2.618e-05	8.406e-01	1.350e-01	1.920e+01	2.108e+01	-2.244e+00	1.710e+00	-1.604e+00	3.530e-01	0.0610383255767738	2.618e-05	TRUE	17	11	6	16	8	13	15	14	16	21	15	10	18	22	22	24	14	17
Contig36360_26391	Contig36360	26391	18	3.265e-01	-6.067e-01	1.500e-01	5.223e-05	5.973e-01	2.665e-01	1.296e+01	1.902e+01	8.397e+00	2.545e+00	4.137e+00	8.861e-01	0.0886868222407405	5.223e-05	TRUE	9	10	10	4	10	5	8	4	11	7	3	7	11	12	6	8	5	7
Contig37611_11238	Contig37611	11238	18	2.546e-01	6.107e-01	1.462e-01	2.953e-05	7.120e-01	2.699e-01	1.859e+01	2.490e+01	-5.573e+00	2.892e+00	-1.569e+00	5.051e-01	0.0625825927452331	2.953e-05	TRUE	12	9	11	15	11	9	14	12	15	4	6	12	22	18	10	11	10	18
Contig37826_1097	Contig37826	1097	18	2.813e-01	-6.347e-01	1.591e-01	6.617e-05	6.367e-01	2.727e-01	1.560e+01	2.286e+01	1.478e+01	3.442e+00	2.883e+00	8.773e-01	0.09872810568103	6.617e-05	TRUE	8	7	7	11	4	2	8	11	2	9	14	9	14	18	15	21	12	5
Contig38058_5872	Contig38058	5872	18	2.579e-01	9.636e-01	2.165e-01	8.564e-06	7.792e-01	2.308e-01	2.704e+01	3.044e+01	-1.288e+01	3.870e+00	8.402e-02	1.089e+00	0.0291579445487487	8.564e-06	TRUE	6	6	10	5	11	11	9	5	14	11	3	12	10	5	4	6	7	14
Contig385_10884	Contig385	10884	18	3.108e-01	6.574e-01	1.284e-01	3.062e-07	7.307e-01	2.502e-01	9.293e+00	1.414e+01	-5.410e+00	2.286e+00	-1.869e+00	6.621e-01	0.00419877465741834	3.062e-07	TRUE	4	14	7	9	8	9	7	9	19	6	3	16	10	16	12	8	9	10
Contig38647_11943	Contig38647	11943	18	2.425e-01	7.634e-01	1.070e-01	9.824e-13	8.140e-01	1.934e-01	2.140e+01	2.484e+01	-4.163e+00	2.411e+00	-2.838e+00	3.716e-01	2.10721646153143e-07	9.824e-13	TRUE	14	12	19	15	13	13	13	10	13	10	17	8	31	23	29	30	14	20
Contig392_31539	Contig392	31539	18	1.874e-01	-4.398e-01	1.020e-01	1.607e-05	8.357e-01	7.493e-02	6.735e+01	3.202e+01	1.242e+01	2.521e+00	9.384e-01	3.157e-01	0.0447657585674231	1.607e-05	TRUE	15	18	20	20	18	15	24	11	26	25	28	15	36	40	28	34	32	25
Contig40253_7888	Contig40253	7888	18	2.722e-01	-5.178e-01	1.091e-01	2.061e-06	7.623e-01	2.167e-01	1.850e+01	2.684e+01	1.111e+01	2.723e+00	2.800e+00	6.720e-01	0.0166274733607239	2.061e-06	TRUE	11	12	9	10	5	8	11	4	13	8	18	8	13	23	25	18	10	13
Contig41175_4194	Contig41175	4194	18	3.354e-01	-5.389e-01	1.345e-01	6.17e-05	7.543e-01	2.415e-01	7.884e+00	1.520e+01	7.752e+00	1.981e+00	3.700e+00	8.810e-01	0.0959018255178749	6.17e-05	TRUE	6	8	11	11	15	10	11	10	16	16	13	7	15	17	20	12	8	11
Contig413725_11355	Contig413725	11355	18	3.048e-01	-4.678e-01	1.041e-01	7.046e-06	6.984e-01	2.765e-01	1.065e+01	1.744e+01	7.975e+00	1.797e+00	3.147e+00	5.493e-01	0.0256160064386602	7.046e-06	TRUE	10	8	5	11	7	8	13	15	10	29	34	13	22	30	27	28	17	15
Contig41593_18715	Contig41593	18715	18	2.079e-01	-4.606e-01	1.123e-01	4.101e-05	9.210e-01	6.591e-02	3.333e+01	2.796e+01	6.688e+00	2.001e+00	2.632e+00	7.638e-01	0.076491420379022	4.101e-05	TRUE	11	7	12	8	9	8	12	7	13	8	2	12	18	7	9	5	10	10
Contig41651_9857	Contig41651	9857	18	3.407e-01	-2.686e-01	6.678e-02	5.745e-05	6.034e-01	2.673e-01	3.045e+00	5.569e+00	5.132e+00	1.149e+00	1.379e+00	3.885e-01	0.0919614967570894	5.745e-05	TRUE	10	15	17	11	11	12	22	20	11	33	23	13	31	36	35	34	27	25
Contig4181_2037	Contig4181	2037	18	3.715e-01	3.590e-01	8.797e-02	4.486e-05	4.838e-01	2.761e-01	3.090e+00	5.142e+00	-3.558e+00	1.607e+00	-9.449e-01	3.776e-01	0.0808598822163352	4.486e-05	TRUE	13	10	11	10	8	7	12	4	10	7	9	5	20	21	16	14	17	12
Contig41963_14267	Contig41963	14267	18	3.289e-01	3.085e-01	7.251e-02	2.091e-05	7.251e-01	2.414e-01	5.206e+00	9.804e+00	-2.148e+00	1.325e+00	-8.871e-01	2.577e-01	0.0553719490321287	2.091e-05	TRUE	21	25	21	15	19	10	21	16	25	13	6	20	36	28	28	24	21	29
Contig42926_6970	Contig42926	6970	18	2.931e-01	2.858e-01	6.991e-02	4.34e-05	7.242e-01	2.546e-01	6.176e+00	1.025e+01	-3.031e+00	1.331e+00	-3.584e-01	2.943e-01	0.07956547581926	4.34e-05	TRUE	18	16	16	16	9	10	21	20	22	9	4	14	24	23	20	25	16	14
Contig44457_2546	Contig44457	2546	18	3.657e-01	4.129e-01	9.786e-02	2.455e-05	6.788e-01	2.640e-01	3.623e+00	7.138e+00	-4.339e+00	1.681e+00	-1.162e+00	3.834e-01	0.0604003459949067	2.455e-05	TRUE	4	5	6	8	10	2	12	12	10	11	14	11	19	17	9	15	6	8
Contig4448_5357	Contig4448	5357	18	3.338e-01	-2.829e-01	6.104e-02	3.591e-06	8.181e-01	2.235e-01	8.421e+00	1.494e+01	2.329e+00	1.119e+00	2.316e+00	3.883e-01	0.0192564492909186	3.591e-06	TRUE	4	8	4	9	8	5	11	15	15	12	12	7	16	15	16	19	6	12
Contig45431_10673	Contig45431	10673	18	2.089e-01	3.721e-01	9.308e-02	6.417e-05	7.352e-01	1.987e-01	2.028e+01	2.625e+01	-2.354e+00	2.177e+00	-1.089e+00	3.853e-01	0.0985620354715484	6.417e-05	TRUE	19	22	19	29	20	23	18	17	22	42	33	17	26	13	30	30	30	20
Contig45431_12265	Contig45431	12265	18	2.874e-01	5.037e-01	1.032e-01	1.064e-06	5.240e-01	2.744e-01	6.641e+00	8.767e+00	-3.701e+00	1.976e+00	-1.443e+00	4.862e-01	0.010006741534588	1.064e-06	TRUE	19	10	20	27	21	11	29	25	22	36	29	17	39	42	44	42	27	23
Contig45457_18160	Contig45457	18160	18	2.135e-01	-6.274e-01	1.509e-01	3.228e-05	8.014e-01	1.240e-01	3.883e+01	3.178e+01	1.111e+01	3.404e+00	3.903e+00	7.240e-01	0.0643291760814436	3.228e-05	TRUE	8	7	8	6	6	5	12	8	13	8	10	6	9	12	13	19	10	5
Contig4583_789	Contig4583	789	18	1.877e-01	4.290e-01	1.055e-01	4.812e-05	8.024e-01	1.322e-01	2.209e+01	2.007e+01	-4.401e+00	1.800e+00	-1.069e+00	5.280e-01	0.0846031599836569	4.812e-05	TRUE	17	21	16	21	17	17	22	17	28	27	22	22	34	27	31	25	27	19
Contig46238_1381	Contig46238	1381	18	3.182e-01	-4.413e-01	1.107e-01	6.74e-05	5.465e-01	2.553e-01	5.412e+00	1.092e+01	9.323e+00	1.948e+00	2.022e+00	6.330e-01	0.0990211207019002	6.74e-05	TRUE	19	8	16	22	8	8	12	12	19	27	37	9	24	33	25	49	27	17
Contig47150_3772	Contig47150	3772	18	1.731e-01	-6.523e-01	1.519e-01	1.751e-05	8.828e-01	8.695e-02	6.439e+01	3.371e+01	8.246e+00	2.908e+00	3.777e+00	7.765e-01	0.0481517793178079	1.751e-05	TRUE	16	14	18	18	16	16	24	16	13	20	8	14	32	18	2	14	14	23
Contig47348_6975	Contig47348	6975	18	2.483e-01	-4.821e-01	1.097e-01	1.099e-05	7.769e-01	2.303e-01	2.063e+01	2.471e+01	6.669e+00	2.522e+00	3.813e+00	7.169e-01	0.0346664664450661	1.099e-05	TRUE	13	11	12	8	13	8	18	13	18	23	19	11	25	26	28	25	22	17
Contig476_4643	Contig476	4643	18	2.439e-01	3.703e-01	8.229e-02	6.793e-06	7.121e-01	2.254e-01	1.117e+01	1.667e+01	-2.584e+00	1.740e+00	-9.274e-01	3.131e-01	0.0255627489841973	6.793e-06	TRUE	19	16	24	20	11	13	20	16	22	31	37	20	24	25	35	32	31	27
Contig480_17125	Contig480	17125	18	2.940e-01	-6.544e-01	1.615e-01	5.054e-05	6.903e-01	2.913e-01	1.337e+01	2.153e+01	1.116e+01	2.540e+00	3.385e+00	1.011e+00	0.0867253419916925	5.054e-05	TRUE	6	9	13	8	5	3	15	6	16	15	21	3	13	18	13	11	6	2
Contig490_27092	Contig490	27092	18	3.042e-01	-7.659e-01	1.909e-01	6.047e-05	6.806e-01	2.461e-01	9.828e+00	1.643e+01	1.096e+01	2.491e+00	5.155e+00	1.095e+00	0.0953722122808529	6.047e-05	TRUE	11	10	11	12	8	6	11	11	19	11	14	10	16	21	20	20	17	19
Contig49425_506	Contig49425	506	18	3.005e-01	-6.340e-01	1.503e-01	2.478e-05	7.661e-01	2.237e-01	1.365e+01	2.087e+01	8.591e+00	2.554e+00	4.292e+00	1.118e+00	0.0604003459949067	2.478e-05	TRUE	8	7	9	8	6	9	5	5	5	7	4	9	8	5	11	8	7	6
Contig49461_4325	Contig49461	4325	18	1.798e-01	4.359e-01	1.087e-01	6.107e-05	9.035e-01	1.537e-01	3.305e+01	2.802e+01	-4.212e+00	1.747e+00	-6.649e-01	3.308e-01	0.0956154667444278	6.107e-05	TRUE	24	19	12	23	12	13	18	19	19	42	33	15	19	47	37	34	27	14
Contig5_16931	Contig5	16931	18	1.588e-01	-3.648e-01	8.645e-02	2.438e-05	9.470e-01	5.316e-02	7.212e+01	3.338e+01	7.482e+00	2.093e+00	1.272e+00	2.927e-01	0.0604003459949067	2.438e-05	TRUE	26	18	20	18	9	12	15	14	26	35	28	17	25	26	24	29	24	24
Contig50682_6990	Contig50682	6990	18	1.867e-01	-4.312e-01	9.555e-02	6.393e-06	8.745e-01	8.170e-02	4.581e+01	2.888e+01	1.009e+01	2.121e+00	1.031e+00	3.946e-01	0.0244871067185508	6.393e-06	TRUE	13	13	19	10	11	14	15	17	15	16	34	11	27	29	23	35	26	16
Contig51710_2521	Contig51710	2521	18	2.394e-01	6.600e-01	1.263e-01	1.749e-07	7.898e-01	1.815e-01	2.005e+01	2.685e+01	-5.640e+00	2.475e+00	-2.155e+00	4.351e-01	0.00375534379419752	1.749e-07	TRUE	12	15	8	9	11	10	13	12	22	6	2	15	11	11	5	5	6	13
Contig51800_5118	Contig51800	5118	18	2.175e-01	-8.902e-01	2.128e-01	2.871e-05	6.630e-01	2.040e-01	3.718e+01	3.092e+01	1.626e+01	4.179e+00	5.123e+00	1.499e+00	0.0622040689987901	2.871e-05	TRUE	2	2	5	8	5	6	8	6	6	11	5	5	9	11	3	12	7	6
Contig52227_2913	Contig52227	2913	18	2.795e-01	-6.461e-01	1.325e-01	1.073e-06	6.570e-01	2.464e-01	1.192e+01	1.770e+01	1.212e+01	2.794e+00	3.631e+00	6.386e-01	0.010006741534588	1.073e-06	TRUE	9	3	8	11	4	2	12	8	8	7	14	9	14	17	11	17	12	10
Contig53276_4081	Contig53276	4081	18	2.037e-01	5.977e-01	9.021e-02	3.465e-11	8.274e-01	1.795e-01	1.460e+01	1.715e+01	-7.598e+00	1.899e+00	-1.674e+00	2.816e-01	3.71615688070358e-06	3.465e-11	TRUE	13	19	21	34	13	6	25	24	33	35	16	17	32	28	40	26	33	32
Contig53284_10462	Contig53284	10462	18	2.290e-01	-5.377e-01	9.995e-02	7.463e-08	7.907e-01	2.166e-01	1.617e+01	2.134e+01	1.122e+01	1.836e+00	2.936e+00	5.959e-01	0.00200098692645677	7.463e-08	TRUE	11	14	11	17	7	10	15	18	16	23	29	15	21	31	29	30	15	14
Contig54453_4209	Contig54453	4209	18	2.657e-01	-5.418e-01	1.184e-01	4.75e-06	7.411e-01	2.372e-01	8.406e+00	1.364e+01	-5.983e-01	1.941e+00	2.876e+00	4.583e-01	0.0199776421733775	4.75e-06	TRUE	16	8	17	12	16	8	15	16	16	34	37	14	32	31	40	34	26	24
Contig55936_7221	Contig55936	7221	18	2.756e-01	-3.320e-01	7.673e-02	1.512e-05	7.619e-01	2.324e-01	1.041e+01	1.569e+01	8.128e+00	1.653e+00	1.407e+00	4.869e-01	0.0426735718358306	1.512e-05	TRUE	18	11	17	9	13	7	14	22	8	44	4	20	26	24	23	38	25	19
Contig57201_6756	Contig57201	6756	18	2.997e-01	3.696e-01	7.926e-02	3.108e-06	6.123e-01	3.016e-01	8.138e+00	1.410e+01	-2.616e+00	1.605e+00	-7.082e-01	3.709e-01	0.0185182228398697	3.108e-06	TRUE	21	13	15	10	12	11	15	19	28	12	8	15	24	9	20	21	15	21
Contig57323_5170	Contig57323	5170	18	2.498e-01	6.112e-01	1.368e-01	7.84e-06	7.125e-01	2.767e-01	2.032e+01	2.562e+01	-7.104e+00	2.313e+00	-1.207e+00	5.039e-01	0.0273033655471886	7.84e-06	TRUE	12	5	8	10	12	7	9	8	21	11	8	19	10	9	12	4	11	21
Contig58278_4805	Contig58278	4805	18	3.547e-01	-4.361e-01	9.238e-02	2.343e-06	6.655e-01	2.723e-01	5.380e+00	1.246e+01	7.969e+00	1.822e+00	2.717e+00	5.324e-01	0.0167521992717431	2.343e-06	TRUE	13	7	14	12	11	7	12	8	20	22	24	9	19	29	29	27	22	15
Contig58844_7679	Contig58844	7679	18	2.445e-01	7.688e-01	1.847e-01	3.135e-05	7.368e-01	2.353e-01	2.652e+01	2.903e+01	-8.483e+00	2.979e+00	-1.494e+00	6.756e-01	0.0640426129100845	3.135e-05	TRUE	5	8	7	8	4	9	8	3	19	10	2	6	11	16	6	13	5	10
Contig59602_2573	Contig59602	2573	18	3.257e-01	-3.178e-01	6.916e-02	4.327e-06	7.234e-01	2.483e-01	7.988e+00	1.555e+01	4.180e+00	1.454e+00	2.879e+00	6.814e-01	0.0199776421733775	4.327e-06	TRUE	18	14	17	17	17	13	23	15	24	21	10	20	22	37	24	26	19	21
Contig60700_6777	Contig60700	6777	18	2.771e-01	-3.842e-01	9.170e-02	2.79e-05	8.029e-01	2.024e-01	9.469e+00	1.731e+01	6.538e+00	1.801e+00	2.384e+00	4.660e-01	0.0619195324410898	2.79e-05	TRUE	8	6	12	14	10	5	11	9	18	18	18	13	18	20	22	21	12	11
Contig60796_4457	Contig60796	4457	18	2.365e-01	5.814e-01	1.360e-01	1.917e-05	5.976e-01	2.228e-01	1.384e+01	1.613e+01	-6.848e+00	2.400e+00	-1.127e+00	5.202e-01	0.0520494108558187	1.917e-05	TRUE	14	16	12	21	11	12	15	17	12	27	38	14	32	32	43	36	26	19
Contig60955_187	Contig60955	187	18	3.106e-01	-5.518e-01	1.360e-01	4.951e-05	6.886e-01	2.583e-01	1.360e+01	2.074e+01	8.037e+00	2.456e+00	3.708e+00	7.335e-01	0.0857987158604002	4.951e-05	TRUE	4	4	9	10	11	6	8	6	3	7	4	9	9	10	9	6	6	5
Contig615190_856	Contig615190	856	18	1.805e-01	5.384e-01	1.190e-01	6.074e-06	7.781e-01	9.450e-02	4.703e+01	3.015e+01	-8.563e+00	2.708e+00	-9.093e-01	3.563e-01	0.0236882454607305	6.074e-06	TRUE	19	15	10	23	16	14	23	12	23	6	8	23	26	27	25	10	17	25
Contig61862_20405	Contig61862	20405	18	2.047e-01	-3.667e-01	9.097e-02	5.557e-05	8.055e-01	1.822e-01	2.841e+01	2.964e+01	9.920e+00	2.364e+00	1.637e+00	7.808e-01	0.0915950413211982	5.557e-05	TRUE	15	16	11	12	13	12	15	12	22	14	19	12	29	26	22	33	14	25
Contig62352_7014	Contig62352	7014	18	2.280e-01	-8.638e-01	1.845e-01	2.847e-06	7.118e-01	2.368e-01	3.981e+01	3.416e+01	1.570e+01	3.318e+00	4.187e+00	1.110e+00	0.0185182228398697	2.847e-06	TRUE	7	4	13	4	6	5	4	8	4	7	5	7	7	19	21	13	8	7
Contig62352_7374	Contig62352	7374	18	3.045e-01	-1.145e+00	2.742e-01	2.972e-05	7.684e-01	2.256e-01	1.578e+01	2.326e+01	1.478e+01	4.212e+00	7.125e+00	1.612e+00	0.0625825927452331	2.972e-05	TRUE	5	3	8	4	4	6	5	8	6	7	10	5	17	10	13	12	8	6
Contig62493_1876	Contig62493	1876	18	2.648e-01	-4.176e-01	1.045e-01	6.45e-05	7.767e-01	2.119e-01	8.592e+00	1.320e+01	1.000e+01	2.220e+00	2.221e+00	5.035e-01	0.0985620354715484	6.45e-05	TRUE	16	12	13	22	18	14	16	18	24	32	43	11	32	35	46	42	27	14
Contig62580_12387	Contig62580	12387	18	3.272e-01	-6.309e-01	1.560e-01	5.251e-05	7.749e-01	2.380e-01	1.289e+01	2.219e+01	8.958e+00	2.728e+00	4.357e+00	7.058e-01	0.0886868222407405	5.251e-05	TRUE	7	6	8	8	9	6	9	7	7	6	8	9	10	10	9	7	6	6
Contig63479_5986	Contig63479	5986	18	1.606e-01	-4.233e-01	1.026e-01	3.726e-05	9.338e-01	7.770e-02	4.729e+01	3.306e+01	8.496e+00	2.025e+00	1.600e-01	5.423e-01	0.0707269945344804	3.726e-05	TRUE	16	16	21	21	9	8	19	17	19	21	23	12	25	23	30	33	23	12
Contig705_17750	Contig705	17750	18	3.006e-01	5.647e-01	1.349e-01	2.828e-05	6.949e-01	2.710e-01	1.058e+01	1.653e+01	-5.166e+00	2.579e+00	-1.193e+00	7.060e-01	0.0619195324410898	2.828e-05	TRUE	12	11	7	6	10	7	8	6	16	3	6	5	13	16	10	13	11	6
Contig70732_2539	Contig70732	2539	18	3.048e-01	5.482e-01	1.227e-01	7.892e-06	7.107e-01	2.701e-01	1.298e+01	2.258e+01	-8.815e+00	1.989e+00	8.067e-01	7.163e-01	0.0273033655471886	7.892e-06	TRUE	14	11	8	11	12	6	16	6	8	7	6	10	25	24	11	13	12	13
Contig7679_817	Contig7679	817	18	3.619e-01	-3.144e-01	6.943e-02	5.951e-06	6.471e-01	2.708e-01	3.142e+00	7.535e+00	6.116e+00	1.077e+00	1.664e+00	4.159e-01	0.0236383406520945	5.951e-06	TRUE	17	12	18	21	17	8	20	20	21	33	42	14	37	29	28	24	22	21
Contig78665_1363	Contig78665	1363	18	2.593e-01	4.494e-01	1.089e-01	3.669e-05	7.051e-01	2.432e-01	1.228e+01	1.853e+01	-4.717e+00	2.007e+00	-7.002e-01	4.529e-01	0.0707269945344804	3.669e-05	TRUE	14	4	9	8	10	12	12	14	13	11	20	9	21	7	8	23	15	14
Contig78915_250	Contig78915	250	18	4.345e-01	2.508e-01	6.017e-02	3.068e-05	6.209e-01	2.961e-01	1.949e+00	5.485e+00	-1.508e+00	1.136e+00	-1.208e+00	2.693e-01	0.0632765529470452	3.068e-05	TRUE	10	13	16	12	6	7	11	11	13	13	4	8	14	21	17	13	20	12
Contig79410_978	Contig79410	978	18	3.299e-01	-4.869e-01	1.158e-01	2.615e-05	6.071e-01	2.833e-01	8.671e+00	1.655e+01	7.895e+00	1.981e+00	3.291e+00	7.293e-01	0.0610383255767738	2.615e-05	TRUE	10	10	11	11	4	5	13	7	4	8	17	6	19	13	23	18	13	11
Contig81791_24384	Contig81791	24384	18	2.507e-01	-5.323e-01	1.149e-01	3.59e-06	7.709e-01	2.334e-01	1.527e+01	2.244e+01	9.622e+00	2.049e+00	3.385e+00	8.702e-01	0.0192564492909186	3.59e-06	TRUE	25	22	16	26	10	19	23	24	24	23	14	27	28	30	42	37	25	23
Contig82151_700	Contig82151	700	18	1.893e-01	-4.944e-01	1.190e-01	3.239e-05	8.400e-01	7.087e-02	5.444e+01	3.294e+01	1.464e+01	2.533e+00	1.359e+00	4.211e-01	0.0643291760814436	3.239e-05	TRUE	8	2	12	19	15	3	21	7	14	16	42	15	21	36	20	46	16	15
Contig84112_11608	Contig84112	11608	18	2.387e-01	4.092e-01	9.377e-02	1.277e-05	7.816e-01	2.277e-01	1.602e+01	2.372e+01	-2.166e+00	1.575e+00	-1.490e+00	4.062e-01	0.0385792113217363	1.277e-05	TRUE	24	25	25	28	19	13	31	19	26	29	23	22	37	35	38	34	23	27
Contig8451_4055	Contig8451	4055	18	4.159e-01	-3.302e-01	6.924e-02	1.848e-06	6.068e-01	2.943e-01	2.158e+00	5.960e+00	4.130e+00	1.066e+00	2.206e+00	4.367e-01	0.016516252803127	1.848e-06	TRUE	15	9	13	13	7	4	15	13	14	11	29	7	22	17	24	25	19	15
Contig84801_737	Contig84801	737	18	2.615e-01	-6.035e-01	1.363e-01	9.477e-06	8.035e-01	2.153e-01	1.740e+01	2.346e+01	9.423e+00	2.818e+00	3.940e+00	9.486e-01	0.0317622824300396	9.477e-06	TRUE	6	6	7	9	7	6	14	4	8	3	5	8	12	22	20	11	11	7
Contig85887_2262	Contig85887	2262	18	1.440e-01	-7.872e-01	1.797e-01	1.181e-05	8.204e-01	9.321e-02	8.554e+01	3.205e+01	1.386e+01	3.538e+00	1.841e+00	7.865e-01	0.0367131461707002	1.181e-05	TRUE	19	14	23	22	15	19	23	14	19	27	25	6	22	23	19	21	20	10
Contig87529_1163	Contig87529	1163	18	2.541e-01	-5.244e-01	1.249e-01	2.674e-05	5.047e-01	1.890e-01	7.237e+00	6.308e+00	9.206e+00	2.153e+00	1.607e+00	5.070e-01	0.0616735930673952	2.674e-05	TRUE	22	23	27	27	18	15	28	10	22	39	38	19	40	37	33	40	31	19
Contig87926_662	Contig87926	662	18	1.962e-01	-5.922e-01	1.485e-01	6.628e-05	6.272e-01	1.788e-01	2.166e+01	1.909e+01	1.078e+01	2.862e+00	2.202e+00	5.920e-01	0.09872810568103	6.628e-05	TRUE	18	14	16	16	22	9	19	15	18	19	30	17	17	28	20	30	25	15
Contig96242_6306	Contig96242	6306	18	3.137e-01	-4.118e-01	1.001e-01	3.892e-05	6.917e-01	2.515e-01	5.078e+00	7.954e+00	8.917e+00	1.910e+00	2.306e+00	6.027e-01	0.0732299566071661	3.892e-05	TRUE	12	5	9	18	7	6	10	10	13	18	11	12	32	23	29	21	17	21
Contig96641_6587	Contig96641	6587	18	2.930e-01	-4.203e-01	9.162e-02	4.49e-06	7.385e-01	2.315e-01	6.739e+00	1.240e+01	8.402e+00	1.701e+00	2.328e+00	4.824e-01	0.0199776421733775	4.49e-06	TRUE	11	18	18	22	12	11	22	17	17	22	33	10	32	32	32	43	21	21
