Contig103503	7053	7055	Contig103503	7053	7055	-36.247723132969035
Contig1245	9228	9230	Contig1245	9228	9230	-55.257419745608715
Contig128973	13427	13429	Contig128973	13427	13429	-51.543209876543216
Contig1297	49910	49912	Contig1297	49910	49912	25.941517806348845
Contig143	19460	19462	Contig143	19460	19462	40.25614127109013
Contig144141	3057	3059	Contig144141	3057	3059	-37.90024630541872
Contig144141	3187	3189	Contig144141	3187	3189	-39.141446118779285
Contig152	9376	9378	Contig152	9376	9378	-39.522590930066706
Contig15653	3558	3560	Contig15653	3558	3560	-55.706479313036695
Contig16846	5620	5622	Contig16846	5620	5622	-28.77593905962701
Contig17101	23960	23962	Contig17101	23960	23962	45.89569160997733
Contig17101	29519	29521	Contig17101	29519	29521	-43.86806596701649
Contig17564	25282	25284	Contig17564	25282	25284	-29.76271626578375
Contig17564	26782	26784	Contig17564	26782	26784	-29.067767457860338
Contig17598	70082	70084	Contig17598	70082	70084	26.240252198440356
Contig17603	65410	65412	Contig17603	65410	65412	-51.48590906908637
Contig17603	65515	65517	Contig17603	65515	65517	31.81239143022583
Contig17603	66710	66712	Contig17603	66710	66712	-66.07565011820331
Contig17603	66802	66804	Contig17603	66802	66804	-40.77790519877675
Contig17650	1833	1835	Contig17650	1833	1835	28.36400230017251
Contig18716	57393	57395	Contig18716	57393	57395	43.61448968799577
Contig19003	17906	17908	Contig19003	17906	17908	32.60792167334223
Contig19277	42016	42018	Contig19277	42016	42018	-44.33062880324543
Contig19486	12979	12981	Contig19486	12979	12981	37.543515412367874
Contig20569	28901	28903	Contig20569	28901	28903	-42.74156074894082
Contig22092	7121	7123	Contig22092	7121	7123	27.664940926589676
Contig22790	18521	18523	Contig22790	18521	18523	26.592280432908726
Contig22790	18521	18523	Contig22790	18521	18523	26.592280432908726
Contig23065	230	232	Contig23065	230	232	-29.218209837977422
Contig23065	2274	2276	Contig23065	2274	2276	-40.326084938069855
Contig25952	11184	11186	Contig25952	11184	11186	-60.30701754385965
Contig26006	1501	1503	Contig26006	1501	1503	41.62971175166297
Contig26041	796	798	Contig26041	796	798	25.514874141876433
Contig26879	5285	5287	Contig26879	5285	5287	-25.975400746042954
Contig2703	3608	3610	Contig2703	3608	3610	-34.33789954337899
Contig27574	27590	27592	Contig27574	27590	27592	-44.80333046224519
Contig2935	4855	4857	Contig2935	4855	4857	36.55383964459488
Contig295049	2122	2124	Contig295049	2122	2124	34.6524064171123
Contig29971	20279	20281	Contig29971	20279	20281	-41.56223893065998
Contig30989	5423	5425	Contig30989	5423	5425	31.76972281449893
Contig31893	4209	4211	Contig31893	4209	4211	49.27347646931251
Contig32627	2183	2185	Contig32627	2183	2185	35.500049822300454
Contig32656	11901	11903	Contig32656	11901	11903	25.550435227854575
Contig32850	5906	5908	Contig32850	5906	5908	-30.415325670498085
Contig32939	16456	16458	Contig32939	16456	16458	26.379403306973405
Contig33796	16296	16298	Contig33796	16296	16298	-33.45896656534955
Contig34342	15413	15415	Contig34342	15413	15415	-47.295508578037655
Contig34596	13693	13695	Contig34596	13693	13695	-27.25417110401136
Contig35838	21533	21535	Contig35838	21533	21535	-31.835413777161353
Contig36016	5626	5628	Contig36016	5626	5628	33.548741083948066
Contig36080	3217	3219	Contig36080	3217	3219	62.178134233853946
Contig36080	3217	3219	Contig36080	3217	3219	62.178134233853946
Contig36584	2894	2896	Contig36584	2894	2896	28.48313040245376
Contig36640	9319	9321	Contig36640	9319	9321	38.73527218493662
Contig37183	5289	5291	Contig37183	5289	5291	42.05607476635514
Contig377	5018	5020	Contig377	5018	5020	-31.544256120527304
Contig4078	6681	6683	Contig4078	6681	6683	25.35710657319923
Contig4078	7980	7982	Contig4078	7980	7982	-25.14576457645764
Contig41429	6771	6773	Contig41429	6771	6773	-29.54421353547683
Contig41684	10330	10332	Contig41684	10330	10332	-51.54123192627509
Contig42678	4386	4388	Contig42678	4386	4388	-47.40677966101695
Contig42707	10320	10322	Contig42707	10320	10322	32.421790489377344
Contig43285	17622	17624	Contig43285	17622	17624	-31.60791236176731
Contig43285	17622	17624	Contig43285	17622	17624	-31.60791236176731
Contig45431	10638	10640	Contig45431	10638	10640	-31.050572977424007
Contig47816	2462	2464	Contig47816	2462	2464	43.705767203734375
Contig52148	10167	10169	Contig52148	10167	10169	-36.06965174129353
Contig52148	10668	10670	Contig52148	10668	10670	-33.142782048754846
Contig52274	1895	1897	Contig52274	1895	1897	-25.818181818181817
Contig53393	3812	3814	Contig53393	3812	3814	35.03238245908934
Contig53993	795	797	Contig53993	795	797	30.9696023068605
Contig54247	3445	3447	Contig54247	3445	3447	38.138888888888886
Contig56453	3806	3808	Contig56453	3806	3808	-28.354448603512804
Contig56453	7525	7527	Contig56453	7525	7527	-28.525189980298343
Contig565	21063	21065	Contig565	21063	21065	-32.432432432432435
Contig58	14999	15001	Contig58	14999	15001	27.59146341463414
Contig58	15001	15003	Contig58	15001	15003	35.27966742252457
Contig60274	9480	9482	Contig60274	9480	9482	-69.56559894690653
Contig60405	4482	4484	Contig60405	4482	4484	-54.27880741337632
Contig60846	4121	4123	Contig60846	4121	4123	42.03898568224944
Contig62898	1249	1251	Contig62898	1249	1251	-60.06871035940804
Contig65075	3994	3996	Contig65075	3994	3996	25.804159363304752
Contig6557	12764	12766	Contig6557	12764	12766	46.0136375557304
Contig6557	12764	12766	Contig6557	12764	12766	46.0136375557304
Contig67758	6118	6120	Contig67758	6118	6120	27.993109388458226
Contig6832	2340	2342	Contig6832	2340	2342	36.1407249466951
Contig695	256	258	Contig695	256	258	-50.36231884057971
Contig69521	3019	3021	Contig69521	3019	3021	44.16282642089093
Contig70546	6692	6694	Contig70546	6692	6694	27.94217687074829
Contig71414	1052	1054	Contig71414	1052	1054	29.467470175870126
Contig82531	2636	2638	Contig82531	2636	2638	52.94690019460661
Contig8584	1278	1280	Contig8584	1278	1280	34.34436274509803
Contig8584	1969	1971	Contig8584	1969	1971	51.61199887860948
Contig86885	945	947	Contig86885	945	947	-28.41764093066328
Contig915	12004	12006	Contig915	12004	12006	-26.53615041674743
Contig98338	5382	5384	Contig98338	5382	5384	-26.953125
